0 0
0 1
0 2
0 3
2 4 0.853631 0.758611 
1 5 0.815927 
2 6 0.633267 0.5167 
0 7
0 8
0 9
0 10
1 11 0.867305 
2 12 0.879268 0.762594 
1 13 0.0715024 
4 14 0.698932 0.614548 0.533001 0.375973 
4 15 3.26795e-06 3.10167e-06 2.7272e-06 2.36532e-06 
0 16
0 17
0 18
0 19
0 20
0 21
0 22
0 23
0 24
1 25 0.348557 
1 26 0.000602729 
0 27
0 28
0 29
0 30
0 31
0 32
0 33
0 34
0 35
0 36
0 37
0 38
0 39
0 40
0 41
0 42
1 43 0.845277 
1 44 0.325427 
3 45 0.445583 0.171547 0.145005 
4 46 0.152801 0.0680856 0.0262126 0.0221569 
0 47
0 48
0 49
0 50
0 51
0 52
2 53 0.945771 0.755832 
1 54 0.50251 
0 55
1 56 0.122218 
3 57 0.141767 0.107152 0.0922838 
2 58 0.684475 0.260682 
4 59 0.940648 0.24521 0.227516 0.114329 
5 60 0.156262 0.0355521 0.0188897 0.0178653 0.0142774 
0 61
0 62
0 63
1 64 0.990569 
0 65
3 66 0.253867 0.251473 0.245518 
1 67 0.116786 
0 68
0 69
1 70 0.529875 
0 71
0 72
0 73
0 74
0 75
0 76
0 77
0 78
0 79
0 80
0 81
0 82
0 83
0 84
0 85
0 86
0 87
1 88 0.494048 
0 89
0 90
0 91
0 92
0 93
0 94
0 95
0 96
0 97
1 98 0.453191 
0 99
1 100 0.116119 
2 101 0.215087 0.045406 
2 102 0.00351821 0.0014701 
0 103
0 104
1 105 0.00177779 
0 106
0 107
0 108
0 109
0 110
0 111
0 112
0 113
0 114
0 115
0 116
0 117
0 118
0 119
0 120
0 121
1 122 0.663569 
2 123 5.94411e-07 3.94432e-07 
0 124
1 125 0.142701 
0 126
0 127
0 128
0 129
0 130
1 131 1.91884e-05 
2 132 0.00216822 0.00042936 
0 133
0 134
0 135
0 136
0 137
0 138
0 139
0 140
0 141
0 142
0 143
0 144
0 145
0 146
2 147 0.95159 0.752071 
3 148 0.994646 0.946495 0.748044 
4 149 0.130548 0.129849 0.123563 0.0976559 
0 150
0 151
0 152
0 153
2 154 0.282384 0.208584 
1 155 0.19978 
0 156
1 157 0.0391666 
2 158 0.959778 0.907288 
3 159 0.262801 0.054816 0.0233339 
4 160 0.0740421 0.0523832 0.0147922 0.0109263 
4 161 0.0785146 0.0712354 0.0469854 0.00938677 
3 162 0.054178 0.0519988 0.049155 
0 163
1 164 0.166836 
0 165
0 166
0 167
0 168
0 169
0 170
0 171
0 172
0 173
0 174
1 175 0.934593 
0 176
1 177 0.40807 
0 178
0 179
0 180
0 181
0 182
0 183
0 184
0 185
0 186
0 187
1 188 0.703561 
0 189
0 190
0 191
0 192
1 193 0.25829 
0 194
0 195
0 196
0 197
0 198
0 199
1 200 0.412833 
0 201
0 202
0 203
0 204
0 205
0 206
1 207 4.11378e-06 
0 208
0 209
0 210
1 211 0.00109058 
2 212 0.312736 0.000341063 
1 213 0.000298852 
0 214
1 215 0.425078 
0 216
0 217
0 218
0 219
0 220
1 221 0.0101973 
0 222
0 223
0 224
0 225
0 226
1 227 0.514501 
0 228
0 229
0 230
0 231
0 232
2 233 0.691727 0.623305 
1 234 0.101002 
2 235 0.587852 0.504895 
3 236 0.890737 0.523622 0.449729 
2 237 0.585106 0.455709 
3 238 0.980978 0.573976 0.44704 
4 239 0.320066 0.313977 0.18371 0.143082 
7 240 0.936535 0.299753 0.294051 0.255913 0.227951 0.134001 0.115091 
2 241 0.128876 0.0130167 
3 242 0.437614 0.0563979 0.00569631 
0 243
0 244
0 245
0 246
2 247 0.621027 0.620096 
2 248 0.258021 0.225691 
1 249 0.199947 
3 250 0.319109 0.197878 0.180516 
3 251 0.000161617 4.17007e-05 3.64755e-05 
2 252 0.000100442 2.5206e-05 
0 253
0 254
1 255 0.866758 
0 256
0 257
0 258
0 259
0 260
0 261
0 262
0 263
0 264
0 265
1 266 0.399505 
0 267
0 268
1 269 0.252268 
0 270
0 271
0 272
1 273 0.682538 
0 274
0 275
0 276
0 277
0 278
0 279
0 280
1 281 0.514453 
0 282
0 283
0 284
1 285 0.506005 
0 286
0 287
0 288
0 289
0 290
0 291
1 292 0.0644222 
0 293
0 294
1 295 0.318542 
2 296 0.845932 0.269465 
0 297
4 298 0.579651 0.429445 0.363281 0.11572 
1 299 0.477397 
0 300
3 301 0.331128 0.247658 0.118231 
0 302
0 303
0 304
0 305
1 306 0.0417297 
2 307 0.0708843 0.0384229 
3 308 0.958946 0.882958 0.0368455 
3 309 0.591577 0.0419336 0.0227301 
5 310 0.965823 0.595819 0.571359 0.526083 0.0219533 
4 311 0.0882555 0.05221 0.00370087 0.00200606 
2 312 0.00258717 0.000671708 
0 313
0 314
0 315
0 316
0 317
0 318
0 319
0 320
0 321
0 322
1 323 0.185204 
2 324 0.00153496 0.00127142 
0 325
0 326
0 327
0 328
0 329
0 330
0 331
0 332
0 333
0 334
0 335
0 336
0 337
1 338 0.00234302 
0 339
0 340
0 341
2 342 8.30939e-06 1.40459e-06 
1 343 3.74093e-06 
0 344
0 345
1 346 0.110938 
2 347 0.0883821 0.0845535 
2 348 0.0858733 0.00952659 
0 349
0 350
0 351
0 352
0 353
0 354
0 355
1 356 0.418083 
0 357
1 358 0.00398843 
2 359 0.0173432 0.00195643 
0 360
0 361
0 362
0 363
0 364
1 365 0.777196 
0 366
1 367 0.660738 
1 368 0.0712467 
2 369 0.0565507 0.0547088 
3 370 0.0283492 0.0220329 0.0207056 
4 371 0.101775 0.0672464 0.0108229 0.0084115 
0 372
0 373
0 374
0 375
0 376
0 377
1 378 0.95908 
1 379 0.317948 
2 380 0.352171 0.299906 
3 381 0.64857 0.633851 0.607914 
4 382 0.647332 0.41984 0.410312 0.393522 
0 383
0 384
0 385
0 386
0 387
0 388
0 389
0 390
1 391 0.96427 
0 392
3 393 0.541406 0.522061 0.275261 
3 394 0.0721692 0.0463513 0.0446951 
0 395
0 396
0 397
0 398
0 399
0 400
0 401
1 402 2.13375e-06 
2 403 8.08337e-06 2.60147e-06 
1 404 4.03382e-06 
0 405
0 406
1 407 0.000369172 
2 408 0.000271958 0.000135714 
0 409
0 410
0 411
0 412
2 413 0.283529 0.192958 
0 414
0 415
0 416
0 417
0 418
0 419
0 420
0 421
0 422
1 423 0.334566 
3 424 0.568154 0.190085 0.0294495 
2 425 0.554687 0.18558 
0 426
1 427 0.0185885 
2 428 0.895629 0.606864 
3 429 0.30774 0.0090628 0.00892331 
5 430 0.307204 0.299922 0.170402 0.0570107 0.00883257 
5 431 0.657476 0.640773 0.197192 0.0058072 0.00571782 
0 432
0 433
0 434
0 435
0 436
0 437
0 438
0 439
1 440 1.36176e-05 
2 441 0.341367 4.64859e-06 
1 442 2.82121e-06 
0 443
0 444
0 445
0 446
0 447
0 448
0 449
0 450
1 451 6.00813e-06 
1 452 4.78148e-06 
0 453
1 454 0.288647 
0 455
0 456
0 457
0 458
0 459
1 460 0.68636 
0 461
1 462 0.14593 
0 463
0 464
0 465
0 466
1 467 0.42993 
0 468
0 469
0 470
0 471
0 472
0 473
0 474
0 475
0 476
0 477
2 478 0.601051 0.518343 
0 479
2 480 0.903592 0.510226 
1 481 0.305437 
2 482 0.941505 0.287571 
3 483 0.62111 0.321948 0.258562 
3 484 0.65495 0.591807 0.334172 
5 485 0.896828 0.587377 0.498618 0.299695 0.258455 
6 486 0.601884 0.539787 0.353533 0.30011 0.180382 0.15556 
4 487 0.426549 0.279368 0.252435 0.142541 
5 488 0.954656 0.407208 0.266701 0.240989 0.136078 
3 489 0.146805 0.138217 0.107947 
7 490 0.566494 0.253752 0.242246 0.10333 0.0676759 0.0611514 0.03453 
4 491 0.0910001 0.0133592 0.0125778 0.0098232 
0 492
0 493
0 494
0 495
0 496
0 497
1 498 4.45819e-06 
0 499
0 500
0 501
0 502
0 503
0 504
0 505
2 506 0.765698 0.562679 
2 507 0.718298 0.711961 
4 508 0.84158 0.782518 0.599172 0.440306 
3 509 0.839228 0.602816 0.597498 
1 510 0.270241 
5 511 0.898665 0.40287 0.3381 0.242857 0.240714 
6 512 0.732934 0.658663 0.295277 0.247805 0.177998 0.176428 
2 513 0.312225 0.0843763 
3 514 0.660715 0.206292 0.0557486 
1 515 0.0327649 
4 516 0.078316 0.0612837 0.034483 0.0326711 
3 517 0.391976 0.390854 0.0128063 
0 518
0 519
0 520
0 521
0 522
0 523
0 524
1 525 3.22092e-05 
0 526
0 527
1 528 0.676948 
0 529
0 530
0 531
0 532
0 533
1 534 0.0573047 
2 535 0.421383 0.348711 
2 536 0.418838 0.0240014 
3 537 0.177639 0.0619444 0.0335749 
4 538 0.0696598 0.069239 0.0291761 0.0241444 
0 539
0 540
0 541
0 542
0 543
1 544 0.361416 
0 545
0 546
0 547
0 548
0 549
0 550
0 551
0 552
0 553
0 554
0 555
0 556
1 557 0.407619 
0 558
0 559
0 560
0 561
0 562
0 563
0 564
0 565
0 566
0 567
0 568
0 569
0 570
0 571
0 572
0 573
0 574
0 575
0 576
0 577
0 578
0 579
0 580
0 581
0 582
0 583
0 584
0 585
0 586
0 587
0 588
0 589
0 590
0 591
2 592 0.893361 0.768787 
3 593 0.718996 0.552755 0.47779 
3 594 0.360297 0.321875 0.276992 
4 595 0.542245 0.195369 0.174535 0.150198 
1 596 0.165829 
1 597 0.0487576 
2 598 0.276662 0.0134894 
0 599
0 600
0 601
0 602
0 603
0 604
1 605 0.293739 
2 606 0.236826 0.166905 
2 607 0.0830753 0.0518383 
3 608 0.9805 0.0814553 0.0508274 
0 609
0 610
1 611 0.723846 
0 612
0 613
0 614
0 615
0 616
0 617
0 618
0 619
0 620
0 621
0 622
0 623
0 624
0 625
0 626
0 627
0 628
0 629
1 630 0.000712158 
0 631
1 632 0.36743 
0 633
0 634
0 635
0 636
0 637
0 638
0 639
0 640
1 641 0.27672 
2 642 0.136306 0.132989 
2 643 0.0794185 0.050276 
1 644 0.028027 
1 645 0.00914737 
0 646
0 647
0 648
0 649
1 650 0.384345 
0 651
0 652
0 653
1 654 0.177448 
0 655
0 656
0 657
0 658
1 659 0.889434 
0 660
0 661
0 662
0 663
0 664
0 665
0 666
0 667
0 668
0 669
0 670
0 671
0 672
0 673
0 674
0 675
0 676
0 677
0 678
0 679
2 680 0.321912 0.286266 
1 681 0.18837 
1 682 4.83162e-07 
0 683
1 684 9.29221e-05 
0 685
0 686
1 687 6.90266e-07 
0 688
0 689
0 690
0 691
0 692
2 693 5.14867e-06 1.98451e-06 
0 694
0 695
0 696
1 697 0.000187658 
0 698
0 699
0 700
0 701
0 702
0 703
0 704
0 705
1 706 0.486586 
0 707
0 708
1 709 0.338982 
0 710
0 711
0 712
0 713
1 714 0.27012 
2 715 0.719886 0.194455 
0 716
0 717
0 718
0 719
0 720
0 721
0 722
0 723
0 724
2 725 0.00547414 0.00458567 
2 726 0.00285826 0.00258636 
0 727
0 728
0 729
0 730
0 731
1 732 0.221311 
0 733
0 734
1 735 0.0488922 
0 736
0 737
0 738
1 739 0.452653 
0 740
0 741
0 742
0 743
0 744
0 745
1 746 0.127429 
0 747
1 748 0.249509 
0 749
0 750
0 751
0 752
2 753 0.000151232 9.10419e-05 
0 754
0 755
0 756
0 757
0 758
0 759
1 760 0.0106417 
2 761 0.0141661 0.00916233 
0 762
0 763
1 764 0.314127 
0 765
0 766
0 767
0 768
1 769 0.00316351 
0 770
0 771
0 772
0 773
0 774
0 775
0 776
0 777
0 778
0 779
0 780
0 781
0 782
0 783
0 784
0 785
0 786
1 787 0.292255 
0 788
0 789
0 790
0 791
0 792
0 793
0 794
0 795
0 796
0 797
0 798
0 799
0 800
0 801
0 802
0 803
0 804
2 805 0.00291877 0.00044295 
1 806 0.00316886 
3 807 0.0259416 8.22052e-05 6.80249e-05 
0 808
0 809
0 810
0 811
0 812
0 813
1 814 0.0159552 
0 815
0 816
1 817 0.528491 
0 818
0 819
0 820
0 821
0 822
0 823
0 824
0 825
0 826
0 827
0 828
0 829
0 830
0 831
0 832
1 833 0.718593 
0 834
1 835 0.615074 
0 836
1 837 0.162249 
2 838 0.916593 0.863948 
3 839 0.214142 0.153881 0.131249 
4 840 0.502126 0.308844 0.161895 0.116336 
4 841 0.465221 0.401926 0.350108 0.215342 
5 842 0.570184 0.431069 0.0923098 0.0663332 0.0565775 
3 843 0.0887356 0.0813345 0.076663 
4 844 0.163883 0.070645 0.0571474 0.00927211 
5 845 0.597402 0.0979043 0.0422035 0.0341399 0.00553918 
6 846 0.08692 0.0495604 0.0374685 0.00802357 0.00576568 0.00491772 
0 847
1 848 5.75554e-06 
0 849
1 850 0.620009 
0 851
1 852 0.600787 
0 853
1 854 0.802844 
0 855
0 856
0 857
1 858 0.619675 
2 859 0.292838 0.181465 
0 860
0 861
0 862
0 863
0 864
0 865
1 866 0.156506 
2 867 0.140299 0.0617955 
2 868 0.119164 0.0607285 
0 869
0 870
1 871 0.814026 
0 872
0 873
2 874 0.932534 0.777559 
1 875 0.670356 
2 876 0.793501 0.531928 
0 877
2 878 0.0731252 0.0595258 
3 879 0.897521 0.0656314 0.0534257 
4 880 0.0372052 0.0289292 0.0137184 0.0111671 
0 881
0 882
0 883
0 884
0 885
1 886 0.000478253 
0 887
0 888
0 889
0 890
0 891
0 892
1 893 0.0272006 
2 894 0.382797 0.0104123 
2 895 0.00512745 0.000801504 
0 896
0 897
0 898
0 899
1 900 0.335153 
0 901
0 902
1 903 0.397751 
0 904
0 905
1 906 0.604606 
0 907
1 908 0.168876 
0 909
2 910 2.138e-06 4.65113e-07 
0 911
0 912
0 913
1 914 0.235355 
0 915
0 916
0 917
1 918 0.330889 
0 919
0 920
0 921
0 922
0 923
0 924
0 925
0 926
0 927
0 928
0 929
0 930
0 931
0 932
0 933
0 934
0 935
1 936 0.0439264 
2 937 0.560107 0.398611 
3 938 0.59932 0.238895 0.104504 
3 939 0.530145 0.296938 0.211321 
4 940 0.114847 0.0608854 0.0341023 0.0242696 
0 941
0 942
0 943
0 944
0 945
0 946
0 947
0 948
0 949
1 950 0.249546 
0 951
0 952
0 953
1 954 0.189694 
0 955
0 956
0 957
0 958
0 959
0 960
1 961 0.807054 
1 962 0.14825 
0 963
1 964 0.109822 
0 965
0 966
0 967
0 968
1 969 0.29592 
0 970
0 971
1 972 0.00106715 
0 973
0 974
0 975
0 976
0 977
0 978
1 979 0.457315 
0 980
0 981
2 982 0.807136 0.614837 
3 983 0.675223 0.544997 0.415152 
4 984 0.924167 0.624019 0.503668 0.38367 
1 985 0.380089 
1 986 0.083046 
3 987 0.842558 0.791392 0.300799 
2 988 0.328256 0.0272603 
3 989 0.0657285 0.0300586 0.0259147 
4 990 0.552041 0.0362849 0.0165936 0.014306 
0 991
0 992
0 993
0 994
0 995
0 996
0 997
0 998
0 999
0 1000
0 1001
0 1002
0 1003
0 1004
0 1005
0 1006
0 1007
0 1008
0 1009
0 1010
0 1011
0 1012
0 1013
0 1014
0 1015
0 1016
0 1017
0 1018
0 1019
0 1020
0 1021
0 1022
0 1023
1 1024 0.798042 
0 1025
0 1026
0 1027
0 1028
0 1029
0 1030
0 1031
1 1032 0.00635025 
1 1033 0.00454947 
0 1034
0 1035
0 1036
1 1037 0.689259 
0 1038
0 1039
0 1040
0 1041
0 1042
0 1043
0 1044
0 1045
0 1046
0 1047
2 1048 0.903419 0.531748 
0 1049
0 1050
0 1051
0 1052
0 1053
0 1054
0 1055
0 1056
0 1057
0 1058
0 1059
0 1060
0 1061
2 1062 3.22611e-06 9.42167e-07 
0 1063
0 1064
0 1065
0 1066
0 1067
0 1068
1 1069 0.155679 
0 1070
0 1071
0 1072
0 1073
0 1074
0 1075
1 1076 0.69689 
0 1077
0 1078
0 1079
0 1080
0 1081
0 1082
0 1083
0 1084
0 1085
0 1086
0 1087
0 1088
0 1089
0 1090
0 1091
0 1092
0 1093
0 1094
0 1095
1 1096 0.00197266 
0 1097
0 1098
0 1099
1 1100 0.0427877 
0 1101
0 1102
0 1103
0 1104
0 1105
0 1106
0 1107
1 1108 0.699479 
0 1109
1 1110 0.924986 
4 1111 0.880884 0.814805 0.739397 0.517192 
2 1112 0.751201 0.694851 
3 1113 0.46218 0.34719 0.321146 
0 1114
0 1115
0 1116
0 1117
0 1118
0 1119
0 1120
1 1121 0.88733 
0 1122
0 1123
0 1124
1 1125 0.000659257 
0 1126
0 1127
0 1128
0 1129
0 1130
0 1131
0 1132
0 1133
0 1134
0 1135
0 1136
0 1137
0 1138
0 1139
0 1140
0 1141
0 1142
0 1143
0 1144
1 1145 0.577475 
0 1146
1 1147 0.844425 
3 1148 0.105135 0.0607127 0.059502 
4 1149 0.0813773 0.068717 0.0648958 0.0374757 
0 1150
0 1151
0 1152
0 1153
0 1154
0 1155
2 1156 0.0063667 0.00339872 
1 1157 0.0060344 
2 1158 0.544041 0.00328296 
3 1159 0.714467 0.3887 0.00234557 
4 1160 0.27222 0.194492 0.105812 0.00063851 
0 1161
0 1162
0 1163
0 1164
0 1165
0 1166
0 1167
1 1168 0.512756 
0 1169
0 1170
0 1171
0 1172
0 1173
0 1174
0 1175
0 1176
0 1177
0 1178
0 1179
0 1180
0 1181
0 1182
0 1183
0 1184
0 1185
0 1186
1 1187 0.905753 
0 1188
1 1189 0.0601317 
0 1190
0 1191
0 1192
0 1193
0 1194
0 1195
1 1196 0.935516 
2 1197 0.571112 0.534285 
0 1198
1 1199 5.08757e-07 
0 1200
0 1201
1 1202 0.219115 
0 1203
3 1204 0.309443 0.306158 0.0670838 
1 1205 0.207795 
0 1206
0 1207
0 1208
0 1209
0 1210
1 1211 0.391824 
0 1212
0 1213
0 1214
0 1215
0 1216
0 1217
0 1218
0 1219
0 1220
0 1221
0 1222
0 1223
1 1224 0.646314 
1 1225 0.580681 
2 1226 0.455196 0.264324 
2 1227 0.267157 0.248523 
4 1228 0.312702 0.294009 0.133832 0.0777137 
0 1229
0 1230
0 1231
0 1232
0 1233
0 1234
0 1235
0 1236
1 1237 0.0622174 
2 1238 0.993033 0.0617839 
0 1239
0 1240
0 1241
0 1242
1 1243 0.182396 
2 1244 0.219569 0.163147 
2 1245 0.327742 0.17479 
4 1246 0.893942 0.711633 0.156252 0.116101 
3 1247 0.549112 0.179967 0.0959796 
2 1248 0.1627 0.100208 
2 1249 0.215222 0.160838 
3 1250 0.650668 0.140038 0.104652 
5 1251 0.587789 0.382455 0.37808 0.0615136 0.0378868 
0 1252
0 1253
0 1254
0 1255
1 1256 0.00488677 
2 1257 0.80401 0.00392901 
0 1258
0 1259
0 1260
0 1261
0 1262
0 1263
0 1264
1 1265 0.51603 
0 1266
0 1267
0 1268
0 1269
0 1270
1 1271 0.991058 
0 1272
0 1273
0 1274
1 1275 0.353163 
2 1276 0.951187 0.335924 
4 1277 0.854577 0.812862 0.287073 0.252771 
0 1278
3 1279 0.794355 0.20079 0.131249 
5 1280 0.570656 0.487669 0.463864 0.16382 0.144245 
4 1281 0.230685 0.1739 0.165412 0.0584172 
2 1282 0.166324 0.02183 
3 1283 0.185298 0.0308196 0.00404505 
0 1284
0 1285
0 1286
0 1287
0 1288
0 1289
1 1290 0.928905 
2 1291 0.696565 0.647043 
1 1292 0.468539 
2 1293 0.931405 0.4364 
0 1294
1 1295 0.0419593 
0 1296
0 1297
0 1298
0 1299
1 1300 0.0846818 
2 1301 0.0823534 0.0791606 
3 1302 0.0930268 0.00766108 0.00736406 
0 1303
0 1304
0 1305
0 1306
0 1307
0 1308
0 1309
1 1310 0.00129415 
2 1311 0.000770062 0.000671537 
2 1312 0.0239051 0.000539543 
2 1313 0.189257 0.104834 
3 1314 0.346788 0.17995 0.000232881 
3 1315 0.438341 0.0104786 0.000236504 
3 1316 0.156956 0.0164544 0.00195314 
4 1317 0.0689037 0.0655152 0.0123992 0.00686825 
5 1318 0.902718 0.376805 0.0591417 0.00620009 0.000735953 
5 1319 0.0387752 0.00267176 0.00254037 0.000480782 0.000266318 
0 1320
0 1321
0 1322
0 1323
0 1324
2 1325 0.530303 0.228027 
1 1326 0.0324651 
0 1327
1 1328 0.328941 
2 1329 0.697212 0.229341 
1 1330 0.00109307 
3 1331 0.00278538 0.000635142 0.000613715 
3 1332 0.972622 0.546088 0.000596913 
4 1333 0.0360434 0.00220657 0.00117015 0.000503158 
5 1334 0.252191 0.17583 0.0578377 0.0233392 0.000757712 
0 1335
0 1336
0 1337
0 1338
0 1339
0 1340
0 1341
0 1342
0 1343
0 1344
0 1345
1 1346 0.995881 
0 1347
1 1348 0.417784 
0 1349
0 1350
0 1351
0 1352
0 1353
2 1354 0.120376 0.0722953 
2 1355 0.490791 0.101439 
1 1356 0.416169 
2 1357 0.468554 0.194998 
3 1358 0.941801 0.441285 0.183649 
1 1359 0.0157994 
4 1360 0.118455 0.0998199 0.0120159 0.00721651 
6 1361 0.128332 0.120863 0.0566307 0.0480203 0.023568 0.00487112 
4 1362 0.14864 0.0148372 0.00107266 0.000954087 
6 1363 0.160274 0.0649735 0.00769641 0.00648565 0.000780713 0.000468882 
7 1364 0.114067 0.0146383 0.0137864 0.00645968 0.00547751 0.00268832 0.000555632 
5 1365 0.00416318 0.00324394 0.00305514 0.0014315 0.000595746 
3 1366 0.0137962 0.00083312 1.31628e-05 
6 1367 0.0255244 0.0111572 0.00165841 0.000165542 1.19679e-05 1.0645e-05 
8 1368 0.00876934 0.00624112 0.00100029 0.000405507 4.80342e-05 4.04777e-05 4.87252e-06 2.92635e-06 
9 1369 0.0225979 0.00500783 0.000571226 7.33063e-05 6.90399e-05 3.23489e-05 2.74304e-05 1.34626e-05 2.78251e-06 
10 1370 0.187386 0.107009 0.000938396 0.000667854 0.00010704 4.33928e-05 5.14008e-06 4.33147e-06 5.21402e-07 3.13144e-07 
10 1371 0.117697 0.00265971 0.000589406 6.72315e-05 8.62793e-06 8.12579e-06 3.80737e-06 3.22848e-06 1.58451e-06 3.27493e-07 
0 1372
0 1373
0 1374
0 1375
0 1376
0 1377
0 1378
0 1379
0 1380
0 1381
2 1382 0.856612 0.839077 
1 1383 0.657275 
3 1384 0.700621 0.60016 0.587875 
3 1385 0.501859 0.329859 0.308358 
1 1386 0.151252 
4 1387 0.0371764 0.0260465 0.021855 0.0160291 
4 1388 0.067611 0.0339312 0.0223021 0.0208484 
0 1389
0 1390
1 1391 0.855699 
0 1392
0 1393
2 1394 0.00202132 0.00163846 
0 1395
0 1396
0 1397
1 1398 0.561342 
0 1399
1 1400 0.00730052 
1 1401 0.00351893 
0 1402
1 1403 0.115438 
0 1404
1 1405 0.80864 
0 1406
0 1407
0 1408
0 1409
0 1410
0 1411
0 1412
0 1413
0 1414
1 1415 0.22069 
0 1416
0 1417
0 1418
1 1419 4.15067e-07 
0 1420
0 1421
0 1422
2 1423 0.643333 0.542794 
1 1424 0.072085 
2 1425 0.418488 0.312051 
3 1426 0.605146 0.253246 0.188837 
3 1427 0.282083 0.153113 0.038479 
0 1428
0 1429
0 1430
0 1431
0 1432
0 1433
1 1434 0.650651 
0 1435
0 1436
0 1437
1 1438 0.374378 
2 1439 0.911104 0.341098 
0 1440
1 1441 0.771534 
2 1442 0.989376 0.763337 
1 1443 0.068684 
2 1444 0.0478725 0.0299768 
4 1445 0.140763 0.12825 0.048014 0.045386 
3 1446 0.737612 0.321927 0.0221112 
4 1447 0.654592 0.620592 0.0297093 0.0186033 
5 1448 0.534515 0.0752401 0.0685515 0.0256642 0.0242595 
5 1449 0.670769 0.564353 0.416274 0.18168 0.0124785 
6 1450 0.218137 0.178122 0.116597 0.110541 0.00529189 0.00331367 
6 1451 0.17775 0.0950101 0.0133739 0.012185 0.00456181 0.00431213 
6 1452 0.0138076 0.0136609 0.0105399 0.00658881 0.00600309 0.00224743 
8 1453 0.926708 0.456553 0.0811523 0.0433772 0.00610591 0.00556311 0.00208271 0.00196872 
7 1454 0.482537 0.00666269 0.00659191 0.00508588 0.00317935 0.00289672 0.00108447 
10 1455 0.651334 0.33915 0.314293 0.15484 0.0275228 0.0147114 0.00207082 0.00188673 0.000706351 0.00066769 
6 1456 0.0290071 0.0163703 0.00527003 0.00375707 0.00371715 0.00286791 
9 1457 0.814392 0.459233 0.221597 0.00305973 0.00302722 0.0023356 0.00146006 0.00133027 0.000498023 
7 1458 0.0413644 0.0109843 0.00736793 0.00619903 0.00457248 0.00199563 0.000137068 
8 1459 0.389065 0.14733 0.00427361 0.00241183 0.000776431 0.000553528 0.000547647 0.000422528 
9 1460 0.414527 0.161278 0.0610722 0.00177153 0.000999769 0.000321852 0.000229452 0.000227015 0.000175149 
8 1461 0.110288 0.00456199 0.00121143 0.000812592 0.000683677 0.000504288 0.000220094 1.51169e-05 
10 1462 0.00903061 0.00306273 0.0013983 0.00113941 0.000248548 0.000202955 0.000132853 0.000125952 6.02965e-06 3.77564e-06 
12 1463 0.00852773 0.0060126 0.00391621 0.00203917 0.00188972 0.00093099 0.000165484 8.84535e-05 1.2451e-05 1.13442e-05 4.24701e-06 4.01455e-06 
10 1464 0.618839 0.154563 0.0170463 0.000705112 0.000187242 0.000125596 0.000105671 7.79441e-05 3.40183e-05 2.33651e-06 
0 1465
0 1466
0 1467
1 1468 0.0540183 
2 1469 0.0204397 0.0172522 
3 1470 0.425007 0.00868699 0.0073323 
1 1471 0.0681742 
0 1472
0 1473
0 1474
2 1475 0.818162 0.611228 
1 1476 0.426853 
2 1477 0.639819 0.273109 
3 1478 0.93247 0.596612 0.254666 
2 1479 3.40338e-07 3.17355e-07 
2 1480 3.29406e-07 3.07162e-07 
1 1481 0.0449794 
0 1482
0 1483
1 1484 0.00298685 
3 1485 0.0655092 0.00294656 0.00285192 
2 1486 0.53953 0.37829 
4 1487 0.483806 0.0316938 0.00142557 0.00137978 
3 1488 0.201557 0.0204587 0.000920222 
4 1489 0.945493 0.190571 0.0193436 0.000870063 
3 1490 0.478204 0.1809 0.174392 
4 1491 0.993394 0.475045 0.179705 0.17324 
4 1492 0.447898 0.216696 0.206907 0.000617999 
5 1493 0.796097 0.790838 0.378182 0.143062 0.137916 
4 1494 0.902391 0.346061 0.186711 0.130911 
5 1495 0.382131 0.344832 0.132241 0.0713479 0.0500253 
6 1496 0.946986 0.361873 0.326551 0.12523 0.0675655 0.0473733 
7 1497 0.458546 0.434237 0.165935 0.149739 0.0574238 0.0309819 0.0217228 
5 1498 0.131587 0.0589376 0.0285144 0.0272262 8.13207e-05 
7 1499 0.0751283 0.0710333 0.0458529 0.0221839 0.00145325 6.53664e-05 6.32669e-05 
8 1500 0.0853842 0.0679741 0.0675251 0.0617924 0.0584243 0.0117758 0.00119529 5.37633e-05 
7 1501 0.615097 0.478541 0.0629698 0.028204 0.0136453 0.0130289 3.89153e-05 
9 1502 0.737373 0.06296 0.0501223 0.0497912 0.0455641 0.0430805 0.00868319 0.000881373 3.96436e-05 
10 1503 0.928513 0.684661 0.0584592 0.0465392 0.0462318 0.0423068 0.0400008 0.00806245 0.000818366 3.68096e-05 
10 1504 0.270342 0.123964 0.117392 0.0448592 0.0410492 0.0326791 0.0324633 0.015524 0.00587259 0.00566134 
10 1505 0.602781 0.288455 0.253488 0.116236 0.110074 0.0420627 0.037957 0.0145563 0.00785355 0.00550649 
8 1506 0.451607 0.277782 0.216112 0.0284376 0.0127371 0.0061623 0.00588392 1.75744e-05 
12 1507 0.527418 0.395145 0.238186 0.113982 0.100165 0.0459301 0.0434952 0.0166209 0.0149985 0.00575183 0.00310329 0.00217586 
0 1508
0 1509
0 1510
0 1511
0 1512
1 1513 0.785559 
2 1514 0.997511 0.783604 
0 1515
0 1516
0 1517
0 1518
0 1519
0 1520
0 1521
0 1522
0 1523
1 1524 0.0926433 
0 1525
1 1526 3.8e-07 
2 1527 0.907797 0.107558 
0 1528
0 1529
0 1530
0 1531
0 1532
0 1533
0 1534
0 1535
0 1536
0 1537
0 1538
0 1539
1 1540 0.0058939 
0 1541
0 1542
0 1543
0 1544
0 1545
0 1546
1 1547 0.313317 
1 1548 0.0317823 
3 1549 0.866561 0.37295 0.116852 
2 1550 0.0239418 0.0116771 
2 1551 0.0320054 0.0191566 
3 1552 0.630701 0.0201859 0.0120821 
0 1553
0 1554
0 1555
0 1556
0 1557
1 1558 8.73079e-05 
0 1559
0 1560
0 1561
1 1562 0.806359 
0 1563
0 1564
0 1565
0 1566
0 1567
1 1568 0.9501 
1 1569 0.0229243 
0 1570
0 1571
0 1572
0 1573
0 1574
0 1575
0 1576
1 1577 0.126543 
2 1578 0.156284 0.0361427 
2 1579 0.110711 0.0140097 
3 1580 0.629349 0.0227464 0.0214551 
3 1581 0.553997 0.086581 0.020023 
3 1582 0.72266 0.0800065 0.0773371 
4 1583 0.689878 0.498548 0.0551947 0.0533532 
5 1584 0.935232 0.645196 0.466258 0.0516199 0.0498976 
0 1585
0 1586
0 1587
0 1588
0 1589
0 1590
0 1591
1 1592 0.743052 
1 1593 0.227577 
1 1594 0.94235 
2 1595 0.738326 0.695762 
2 1596 0.157059 0.15133 
3 1597 0.162291 0.107917 0.0245595 
4 1598 0.767349 0.124534 0.0828101 0.0188457 
3 1599 0.0355734 0.00558711 0.00538332 
0 1600
0 1601
0 1602
0 1603
0 1604
0 1605
1 1606 0.229293 
0 1607
0 1608
0 1609
0 1610
0 1611
0 1612
0 1613
0 1614
0 1615
0 1616
0 1617
0 1618
0 1619
0 1620
0 1621
0 1622
1 1623 0.0317527 
2 1624 0.0113629 0.0032428 
2 1625 0.0478929 0.00796716 
3 1626 0.425713 0.0434767 0.0013805 
4 1627 0.552982 0.387728 0.00440569 0.00125732 
3 1628 0.584538 0.0254138 0.0250968 
3 1629 0.163781 0.00784394 0.00130487 
5 1630 0.218982 0.199443 0.0849053 0.0086711 0.000275331 
6 1631 0.937667 0.205332 0.187011 0.0796128 0.00813061 0.000258169 
6 1632 0.538888 0.159606 0.0882594 0.0618839 0.000703177 0.000200677 
7 1633 0.928297 0.500248 0.148162 0.081931 0.0574466 0.000652757 0.000186288 
4 1634 0.22802 0.0373452 0.00178857 0.000297535 
0 1635
0 1636
0 1637
0 1638
0 1639
0 1640
0 1641
0 1642
0 1643
2 1644 0.833132 0.0119658 
1 1645 0.248172 
0 1646
0 1647
1 1648 0.35828 
0 1649
0 1650
0 1651
0 1652
0 1653
0 1654
0 1655
0 1656
0 1657
0 1658
0 1659
0 1660
0 1661
0 1662
0 1663
0 1664
0 1665
0 1666
0 1667
0 1668
0 1669
0 1670
0 1671
0 1672
0 1673
0 1674
0 1675
0 1676
0 1677
0 1678
0 1679
1 1680 0.112093 
2 1681 0.90896 0.101888 
2 1682 0.00773495 0.00519529 
0 1683
0 1684
0 1685
0 1686
0 1687
0 1688
1 1689 0.948523 
0 1690
0 1691
0 1692
0 1693
0 1694
0 1695
0 1696
0 1697
1 1698 0.131593 
0 1699
0 1700
0 1701
1 1702 0.706275 
0 1703
0 1704
0 1705
0 1706
2 1707 2.47144e-05 1.17918e-05 
0 1708
0 1709
0 1710
0 1711
1 1712 0.330273 
0 1713
0 1714
1 1715 0.296784 
0 1716
0 1717
0 1718
0 1719
0 1720
0 1721
0 1722
0 1723
1 1724 0.943143 
0 1725
0 1726
0 1727
0 1728
0 1729
0 1730
2 1731 0.612577 0.389704 
0 1732
0 1733
0 1734
0 1735
0 1736
2 1737 0.971099 0.802692 
0 1738
2 1739 0.465852 0.420236 
3 1740 0.844567 0.393443 0.354917 
1 1741 0.25293 
5 1742 0.256794 0.165083 0.139423 0.0649507 0.0585907 
0 1743
0 1744
0 1745
0 1746
1 1747 0.0616944 
2 1748 0.915984 0.603602 
3 1749 0.840799 0.507508 0.424692 
2 1750 0.281614 0.0328988 
0 1751
0 1752
0 1753
0 1754
0 1755
1 1756 0.767023 
0 1757
0 1758
1 1759 0.0383566 
2 1760 0.533088 0.0204474 
3 1761 0.900652 0.480127 0.018416 
3 1762 0.0189524 0.0145369 0.011663 
3 1763 0.0135014 0.0104044 0.00798041 
4 1764 0.805395 0.0108739 0.00837966 0.00642739 
2 1765 0.0351408 0.00465225 
0 1766
0 1767
0 1768
0 1769
0 1770
0 1771
0 1772
0 1773
0 1774
0 1775
2 1776 0.0322633 0.00470653 
0 1777
0 1778
1 1779 0.709472 
0 1780
0 1781
0 1782
2 1783 0.000677636 1.4246e-05 
0 1784
0 1785
0 1786
0 1787
0 1788
0 1789
0 1790
2 1791 0.69241 0.451214 
1 1792 0.657869 
1 1793 0.0481982 
3 1794 0.532504 0.240273 0.219531 
3 1795 0.642561 0.141062 0.0307881 
3 1796 0.922632 0.589359 0.0284061 
4 1797 0.744981 0.478695 0.105088 0.0229365 
4 1798 0.42707 0.227416 0.102613 0.0937551 
5 1799 0.52874 0.225809 0.120244 0.0542558 0.0495721 
4 1800 0.116691 0.11087 0.0767673 0.0500259 
7 1801 0.951826 0.877618 0.464032 0.198174 0.105529 0.0476159 0.0435054 
4 1802 0.225399 0.132841 0.0748931 0.0492699 
6 1803 0.674291 0.432765 0.0504997 0.0479805 0.0332222 0.0216495 
5 1804 0.0642087 0.0518454 0.0478343 0.0305556 0.00147273 
9 1805 0.203256 0.0924142 0.0879622 0.0811044 0.0428832 0.0183141 0.00975233 0.00440039 0.00402051 
7 1806 0.19241 0.12974 0.0832684 0.00971665 0.00923193 0.00639229 0.00416557 
6 1807 0.415982 0.0956825 0.0215668 0.0127106 0.00716596 0.00471426 
6 1808 0.232288 0.0149149 0.0120431 0.0111113 0.00709769 0.000342096 
9 1809 0.180465 0.0166775 0.0146365 0.0077389 0.00690429 0.00514356 0.00330505 0.000725561 0.00015836 
11 1810 0.0243243 0.0230263 0.00468023 0.00212795 0.00202544 0.00186753 0.000987439 0.000421706 0.00022456 0.000101325 9.25774e-05 
9 1811 0.00920034 0.00678518 0.00130554 0.000880311 0.000564991 6.59292e-05 6.26403e-05 4.33728e-05 2.82642e-05 
3 1812 0.000219704 2.02135e-06 1.49073e-06 
0 1813
0 1814
1 1815 0.02152 
0 1816
1 1817 5.99981e-07 
0 1818
0 1819
0 1820
1 1821 0.00288556 
0 1822
0 1823
1 1824 2.78565e-05 
0 1825
1 1826 0.223013 
0 1827
0 1828
0 1829
0 1830
1 1831 0.974659 
0 1832
3 1833 0.432195 0.320671 0.312544 
0 1834
0 1835
0 1836
0 1837
1 1838 0.489425 
1 1839 0.000211373 
2 1840 0.125057 0.000192 
2 1841 0.0597139 0.0446308 
3 1842 0.0169648 0.00830301 0.00583198 
0 1843
0 1844
1 1845 0.922385 
0 1846
3 1847 0.00485001 0.00217729 0.0020083 
1 1848 0.00295704 
0 1849
0 1850
0 1851
0 1852
0 1853
0 1854
0 1855
0 1856
0 1857
0 1858
0 1859
0 1860
0 1861
1 1862 0.73906 
0 1863
3 1864 0.931162 0.861296 0.63655 
1 1865 0.681085 
0 1866
1 1867 0.429936 
0 1868
0 1869
0 1870
0 1871
0 1872
0 1873
0 1874
0 1875
0 1876
0 1877
0 1878
0 1879
1 1880 0.113793 
0 1881
0 1882
0 1883
0 1884
0 1885
1 1886 0.621244 
1 1887 0.129644 
2 1888 0.668835 0.0867101 
0 1889
0 1890
0 1891
0 1892
2 1893 0.739499 0.486384 
1 1894 0.213947 
0 1895
0 1896
1 1897 0.86992 
0 1898
1 1899 0.649479 
2 1900 0.189683 0.123195 
0 1901
0 1902
0 1903
0 1904
0 1905
0 1906
0 1907
0 1908
0 1909
0 1910
0 1911
0 1912
0 1913
0 1914
0 1915
0 1916
0 1917
1 1918 0.562636 
1 1919 0.231239 
1 1920 0.843016 
2 1921 0.512773 0.432276 
3 1922 0.850423 0.436074 0.367617 
2 1923 0.165491 0.038268 
3 1924 0.389683 0.0644889 0.0149124 
4 1925 0.323252 0.125966 0.0208462 0.00482045 
5 1926 0.228433 0.0738415 0.0287747 0.00476196 0.00110115 
2 1927 0.000908696 0.000706687 
0 1928
0 1929
0 1930
0 1931
0 1932
0 1933
0 1934
0 1935
0 1936
0 1937
0 1938
0 1939
0 1940
0 1941
0 1942
0 1943
0 1944
0 1945
0 1946
2 1947 0.316885 0.0962112 
1 1948 0.212655 
0 1949
0 1950
0 1951
0 1952
0 1953
0 1954
0 1955
0 1956
0 1957
0 1958
0 1959
1 1960 0.937289 
0 1961
1 1962 0.709218 
3 1963 0.341025 0.319639 0.21733 
1 1964 0.11366 
3 1965 0.260356 0.0565833 0.0479454 
0 1966
0 1967
0 1968
0 1969
1 1970 0.788159 
0 1971
0 1972
0 1973
0 1974
0 1975
0 1976
0 1977
1 1978 0.0393233 
0 1979
0 1980
0 1981
0 1982
0 1983
0 1984
0 1985
0 1986
0 1987
0 1988
0 1989
1 1990 0.0631805 
0 1991
0 1992
0 1993
0 1994
2 1995 0.991978 0.872981 
1 1996 0.337273 
0 1997
1 1998 0.0111202 
3 1999 0.0261211 0.0228032 0.00803922 
0 2000
0 2001
0 2002
0 2003
0 2004
0 2005
0 2006
0 2007
0 2008
0 2009
0 2010
0 2011
0 2012
0 2013
0 2014
0 2015
0 2016
2 2017 0.434642 0.218242 
0 2018
0 2019
0 2020
1 2021 0.434538 
0 2022
3 2023 0.92236 0.728627 0.316616 
1 2024 0.904286 
0 2025
1 2026 0.911738 
1 2027 0.165401 
4 2028 0.619661 0.564969 0.411127 0.371776 
2 2029 0.22932 0.0379297 
0 2030
0 2031
0 2032
0 2033
0 2034
1 2035 0.0263313 
2 2036 0.643164 0.0169354 
2 2037 0.0408565 0.00879104 
2 2038 0.0271258 0.0225839 
0 2039
0 2040
0 2041
0 2042
0 2043
1 2044 8.15958e-06 
0 2045
0 2046
1 2047 0.206432 
0 2048
1 2049 0.630418 
0 2050
1 2051 0.56128 
1 2052 0.000332164 
3 2053 0.0409498 0.00845335 0.000247615 
4 2054 0.260915 0.146446 0.107607 0.0678371 
4 2055 0.451553 0.018491 0.00381714 0.000111811 
5 2056 0.488283 0.0525425 0.0331237 0.0161256 0.00332884 
6 2057 0.559555 0.273221 0.0294004 0.0185345 0.00902316 0.00186267 
3 2058 0.0380259 0.0165029 0.00926277 
6 2059 0.979069 0.0619264 0.0161575 0.0090689 0.0066637 0.00420091 
8 2060 0.771128 0.174779 0.0977982 0.0477532 0.00513856 0.00323944 0.00157706 0.000325555 
0 2061
0 2062
0 2063
1 2064 0.941776 
0 2065
1 2066 0.510592 
3 2067 0.31244 0.294248 0.289481 
1 2068 0.169387 
4 2069 0.492356 0.251393 0.182089 0.171487 
3 2070 0.429862 0.124437 0.100445 
5 2071 0.731243 0.426166 0.133151 0.125399 0.123367 
5 2072 0.396759 0.195347 0.0997426 0.0722455 0.0680391 
3 2073 0.269563 0.165084 0.0842905 
7 2074 0.82918 0.449898 0.328985 0.191731 0.0599045 0.0564166 0.0555026 
3 2075 0.415682 0.246494 0.041753 
5 2076 0.903609 0.826281 0.222735 0.136406 0.0696477 
6 2077 0.396518 0.358298 0.327636 0.0883184 0.0540873 0.0276166 
7 2078 0.753263 0.298683 0.269892 0.246796 0.066527 0.040742 0.0208026 
4 2079 0.260897 0.10845 0.0643097 0.0108932 
8 2080 0.201655 0.167209 0.0907243 0.0663415 0.0386637 0.0120801 0.0113767 0.0111924 
10 2081 0.780052 0.587585 0.232988 0.192514 0.16269 0.0645486 0.0317809 0.0162271 0.0117536 0.0110692 
9 2082 0.781004 0.754973 0.568693 0.225497 0.203762 0.186324 0.0502261 0.0307591 0.0157054 
10 2083 0.951625 0.743223 0.718451 0.541183 0.214589 0.193905 0.177311 0.0477964 0.0292711 0.0149456 
7 2084 0.332559 0.0670624 0.0301712 0.0299118 0.012858 0.00372214 0.00300449 
8 2085 0.315187 0.104818 0.0211372 0.00950957 0.00942782 0.00405266 0.00117317 0.000946974 
7 2086 0.5403 0.170295 0.0469695 0.0122542 0.00509385 0.0030206 0.00051165 
10 2087 0.0368075 0.0358128 0.00722184 0.0059882 0.00324909 0.00237588 0.00138465 0.000432621 0.000407432 0.000400831 
10 2088 0.672346 0.229717 0.0724039 0.0240786 0.00485557 0.00218451 0.00216573 0.000930966 0.000269497 0.000217536 
11 2089 0.589516 0.0216986 0.0211122 0.00425739 0.00353014 0.00191539 0.00140062 0.000816275 0.000255037 0.000240187 0.000236296 
12 2090 0.729463 0.639596 0.43003 0.146926 0.0463092 0.0154006 0.00310561 0.00139721 0.00138519 0.000595442 0.000172369 0.000139135 
12 2091 0.104619 0.0616748 0.0022701 0.00220875 0.000445405 0.000369321 0.000200387 0.000146532 8.53982e-05 2.66818e-05 2.51283e-05 2.47212e-05 
13 2092 0.000519018 0.000493911 0.000478031 0.000372889 0.000280884 0.000111376 9.20276e-05 7.77707e-05 3.08563e-05 1.51923e-05 7.75705e-06 5.61858e-06 5.29145e-06 
12 2093 0.00497212 0.000314224 0.000299023 0.000233538 0.000225755 0.000170053 6.7429e-05 6.09295e-05 5.57153e-05 1.50188e-05 9.19769e-06 4.69627e-06 
10 2094 0.0155001 0.00991381 0.00421502 0.00227737 0.000717798 0.000197977 5.16517e-05 2.14707e-05 1.27319e-05 2.15661e-06 
14 2095 0.0282316 0.00404897 0.00295357 0.00258971 0.00174118 0.0005949 0.000187505 6.23564e-05 1.25745e-05 5.65725e-06 5.60861e-06 2.41093e-06 6.97918e-07 5.63355e-07 
14 2096 0.102594 0.0216039 0.00226019 0.00133242 4.90431e-05 4.77176e-05 9.62251e-06 7.97879e-06 4.32915e-06 3.16566e-06 1.84494e-06 5.76432e-07 5.4287e-07 5.34075e-07 
15 2097 0.590244 0.0605554 0.0127516 0.00133407 0.000786453 2.89474e-05 2.81651e-05 5.67963e-06 4.70944e-06 2.55526e-06 1.86851e-06 1.08896e-06 3.40236e-07 3.20426e-07 3.15235e-07 
15 2098 0.590511 0.348546 0.266721 0.00752996 0.00107995 0.000787781 0.000690729 0.000464409 0.000158672 5.00115e-05 1.66318e-05 3.35389e-06 1.50891e-06 1.49594e-06 6.43046e-07 
1 2099 4.34851e-07 
2 2100 4.23942e-07 3.59388e-07 
0 2101
0 2102
1 2103 0.310725 
0 2104
0 2105
0 2106
0 2107
0 2108
2 2109 0.676036 0.351794 
1 2110 0.516225 
4 2111 0.274819 0.209854 0.141869 0.0738253 
1 2112 1.69294e-06 
4 2113 8.72428e-06 1.83082e-06 6.44073e-07 6.2056e-07 
2 2114 0.00839177 0.00307607 
0 2115
0 2116
0 2117
0 2118
1 2119 0.809004 
0 2120
0 2121
0 2122
0 2123
0 2124
1 2125 0.81411 
0 2126
0 2127
0 2128
2 2129 0.947461 0.582071 
0 2130
0 2131
0 2132
0 2133
0 2134
2 2135 0.273112 0.0961904 
0 2136
0 2137
0 2138
0 2139
0 2140
0 2141
0 2142
0 2143
0 2144
0 2145
0 2146
1 2147 0.195931 
0 2148
0 2149
0 2150
1 2151 0.608384 
0 2152
1 2153 0.0813903 
0 2154
0 2155
0 2156
0 2157
0 2158
0 2159
0 2160
0 2161
0 2162
0 2163
0 2164
0 2165
0 2166
0 2167
1 2168 0.0264805 
2 2169 0.000932935 0.000885576 
0 2170
0 2171
2 2172 0.0253841 0.0172268 
1 2173 0.0171393 
0 2174
0 2175
0 2176
0 2177
1 2178 0.0539877 
2 2179 0.00689365 0.00304618 
0 2180
0 2181
0 2182
0 2183
0 2184
0 2185
1 2186 0.866779 
1 2187 0.262115 
2 2188 0.740594 0.194121 
2 2189 0.166433 0.161655 
4 2190 0.4249 0.314679 0.221122 0.191664 
4 2191 0.447178 0.37239 0.27579 0.0722887 
3 2192 0.436882 0.0727115 0.0706243 
6 2193 0.930187 0.90877 0.406382 0.338417 0.25063 0.0656938 
4 2194 0.641575 0.280293 0.0466498 0.0453107 
2 2195 0.0225318 0.0208525 
0 2196
0 2197
0 2198
0 2199
0 2200
1 2201 0.00413756 
0 2202
0 2203
0 2204
0 2205
0 2206
0 2207
0 2208
0 2209
0 2210
0 2211
0 2212
0 2213
0 2214
0 2215
1 2216 0.237511 
2 2217 0.453769 0.107775 
0 2218
0 2219
0 2220
0 2221
0 2222
0 2223
0 2224
0 2225
0 2226
0 2227
0 2228
0 2229
0 2230
0 2231
0 2232
0 2233
0 2234
0 2235
0 2236
0 2237
0 2238
0 2239
0 2240
2 2241 0.0647447 0.000852835 
0 2242
0 2243
0 2244
0 2245
1 2246 0.82782 
0 2247
1 2248 0.931676 
2 2249 0.303718 0.282967 
0 2250
1 2251 0.174672 
0 2252
0 2253
0 2254
2 2255 5.47943e-05 9.57104e-06 
3 2256 6.24587e-05 3.58948e-05 6.26983e-06 
4 2257 0.95906 5.99017e-05 3.44253e-05 6.01314e-06 
2 2258 0.000323436 4.43291e-05 
3 2259 0.564142 0.000182464 2.50079e-05 
5 2260 0.362697 0.347848 0.227869 1.24859e-05 2.18095e-06 
0 2261
0 2262
0 2263
1 2264 6.71424e-05 
1 2265 4.76239e-05 
0 2266
0 2267
0 2268
0 2269
0 2270
0 2271
0 2272
0 2273
1 2274 0.00410519 
0 2275
1 2276 0.676968 
0 2277
1 2278 0.89445 
0 2279
2 2280 0.0157351 6.45957e-05 
3 2281 0.912982 0.0143659 5.89747e-05 
3 2282 0.991557 0.905274 0.751841 
4 2283 0.550304 0.545658 0.498176 0.413741 
4 2284 0.516535 0.471587 0.00742049 3.04625e-05 
5 2285 0.874842 0.451886 0.412564 0.00649175 2.66499e-05 
7 2286 0.697698 0.610376 0.577798 0.317965 0.31528 0.287845 0.239059 
4 2287 0.0294898 0.0199637 0.00214042 8.78683e-06 
8 2288 0.351387 0.245162 0.214478 0.203031 0.111729 0.110785 0.101145 0.0840022 
5 2289 0.574684 0.0169473 0.0114728 0.00123006 5.04965e-06 
9 2290 0.21907 0.0769784 0.0537077 0.0469858 0.044478 0.0244764 0.0242698 0.0221579 0.0184024 
8 2291 0.282441 0.162314 0.0535172 0.0468191 0.0241837 0.0220793 0.00034742 1.42623e-06 
0 2292
0 2293
0 2294
0 2295
0 2296
0 2297
0 2298
0 2299
1 2300 0.000388749 
0 2301
0 2302
0 2303
0 2304
0 2305
0 2306
0 2307
2 2308 0.748673 0.380463 
0 2309
3 2310 0.400747 0.300028 0.152469 
0 2311
0 2312
0 2313
0 2314
0 2315
0 2316
0 2317
0 2318
0 2319
0 2320
0 2321
0 2322
0 2323
1 2324 0.783748 
0 2325
1 2326 0.00153166 
2 2327 0.00530424 0.00135439 
3 2328 0.00786202 0.00616184 0.00447374 
0 2329
0 2330
0 2331
1 2332 0.0325325 
2 2333 0.0305072 0.0230059 
3 2334 0.609182 0.0185844 0.0140148 
1 2335 0.0183681 
0 2336
1 2337 0.627701 
1 2338 0.0462539 
4 2339 0.105634 0.0643505 0.0455065 0.00148044 
0 2340
0 2341
0 2342
0 2343
0 2344
0 2345
0 2346
0 2347
0 2348
0 2349
0 2350
0 2351
0 2352
0 2353
0 2354
0 2355
0 2356
0 2357
0 2358
0 2359
0 2360
0 2361
0 2362
0 2363
0 2364
0 2365
0 2366
0 2367
0 2368
0 2369
1 2370 0.898487 
0 2371
3 2372 0.828606 0.273111 0.245386 
1 2373 0.642577 
1 2374 0.00971392 
3 2375 0.068455 0.0412028 0.026476 
0 2376
0 2377
0 2378
1 2379 0.73984 
0 2380
1 2381 0.473426 
2 2382 0.943936 0.446884 
1 2383 0.0269701 
2 2384 0.780578 0.0210523 
2 2385 0.0930959 0.0144452 
3 2386 0.903094 0.0840743 0.0130454 
3 2387 0.128499 0.0950685 0.0737862 
5 2388 0.471565 0.41386 0.373754 0.034795 0.00539897 
5 2389 0.00222202 0.00209744 0.000992984 0.000899644 0.000665593 
5 2390 0.00245974 0.00192002 0.00143547 0.00135499 0.000641487 
6 2391 0.00661697 0.0027385 0.00247312 0.00169696 0.00132461 3.57248e-05 
7 2392 0.919132 0.00608187 0.00251704 0.00227312 0.00155973 0.00121749 3.28358e-05 
6 2393 0.00458083 0.00216016 0.00189582 0.00171211 0.00015939 2.47318e-05 
8 2394 0.483595 0.444487 0.306649 0.000754277 0.000588772 0.000440185 0.000415506 0.000196711 
9 2395 0.187898 0.141524 0.130079 0.000860728 0.000356221 0.000321701 0.000220739 0.000172304 4.64705e-06 
1 2396 3.37665e-05 
0 2397
0 2398
0 2399
0 2400
0 2401
0 2402
1 2403 0.0185379 
0 2404
0 2405
0 2406
0 2407
0 2408
0 2409
0 2410
1 2411 5.87646e-05 
0 2412
0 2413
0 2414
0 2415
0 2416
0 2417
0 2418
1 2419 0.638088 
3 2420 0.990564 0.632067 0.573142 
4 2421 0.995035 0.985646 0.628929 0.570297 
0 2422
1 2423 0.77918 
4 2424 0.930519 0.725042 0.571537 0.364691 
5 2425 0.812129 0.755701 0.588827 0.464162 0.296176 
7 2426 0.856241 0.695378 0.403222 0.40122 0.397434 0.253598 0.229956 
2 2427 0.355022 0.276626 
1 2428 0.0251423 
5 2429 0.205402 0.0828225 0.0824113 0.0472334 0.0245671 
8 2430 0.0893733 0.0765251 0.0621482 0.0360373 0.0358584 0.03552 0.0226649 0.020552 
9 2431 0.37407 0.0334319 0.0286257 0.0232478 0.0134805 0.0134135 0.013287 0.00847825 0.00768787 
0 2432
0 2433
0 2434
1 2435 0.523635 
0 2436
3 2437 0.797755 0.526154 0.275513 
1 2438 0.48105 
0 2439
1 2440 0.911393 
2 2441 0.844153 0.769356 
3 2442 0.187827 0.158555 0.144506 
1 2443 0.0105753 
4 2444 0.0099159 0.00521729 0.00273196 0.00224946 
5 2445 0.0134494 0.00811005 0.00646983 0.00426714 0.00223442 
3 2446 0.17088 0.0363478 0.000384388 
6 2447 0.13362 0.109286 0.00108367 0.000570176 0.000298564 0.000245834 
6 2448 0.128799 0.00173227 0.00104457 0.00083331 0.000549605 0.000287792 
8 2449 0.878261 0.846574 0.113119 0.0925185 0.000917404 0.000482696 0.000252756 0.000208116 
7 2450 0.695068 0.0895243 0.00120405 0.000726047 0.000579208 0.000382013 0.000200035 
6 2451 0.0108706 0.0020418 0.00172359 0.00157087 0.00099729 0.000479746 
10 2452 0.806165 0.638011 0.56034 0.540123 0.0721714 0.0590278 0.000585313 0.000307965 0.000161261 0.00013278 
0 2453
0 2454
0 2455
0 2456
0 2457
1 2458 0.842423 
2 2459 0.950492 0.800717 
1 2460 0.641742 
2 2461 0.588798 0.377857 
1 2462 0.000697793 
0 2463
0 2464
0 2465
0 2466
0 2467
0 2468
0 2469
0 2470
0 2471
1 2472 0.00235746 
0 2473
1 2474 3.45341e-07 
1 2475 0.0857222 
0 2476
1 2477 0.88237 
2 2478 0.301038 0.265627 
0 2479
1 2480 0.000775339 
0 2481
0 2482
1 2483 5.43287e-06 
0 2484
0 2485
0 2486
0 2487
0 2488
0 2489
1 2490 0.350588 
2 2491 0.50782 0.361144 
2 2492 0.125868 0.106457 
2 2493 0.0919631 0.0693482 
3 2494 0.183743 0.0663576 0.0512902 
3 2495 0.275854 0.083764 0.0293667 
4 2496 0.0662737 0.0365142 0.00459596 0.00388721 
0 2497
0 2498
0 2499
0 2500
1 2501 0.0016864 
0 2502
0 2503
1 2504 0.719899 
0 2505
0 2506
0 2507
1 2508 0.733573 
0 2509
0 2510
0 2511
0 2512
0 2513
1 2514 0.166931 
0 2515
0 2516
0 2517
0 2518
0 2519
0 2520
0 2521
1 2522 0.687133 
0 2523
0 2524
1 2525 0.28569 
3 2526 0.167501 0.115095 0.106318 
2 2527 0.246532 0.158893 
3 2528 0.887787 0.218868 0.141063 
3 2529 0.0791722 0.0589324 0.0404944 
4 2530 0.18024 0.160015 0.0394487 0.0254252 
5 2531 0.828638 0.149354 0.132594 0.0210683 0.0197661 
5 2532 0.747014 0.134642 0.119533 0.0294687 0.0189929 
3 2533 0.0670546 0.024954 0.00712912 
0 2534
0 2535
0 2536
0 2537
