564002
916863
465151
913861
589202
272222
114888
154330
934184
616928
604630
848017
387451
332546
193597
414431
54639
497639
264843
226582
77191
40873
207610
171097
900195
78137
585624
421722
106286
749536
380240
379738
995260
546049
427206
285765
969509
719994
713144
287036
307381
103203
201505
808571
705689
500822
758352
517937
436844
851788
785935
942871
715705
626554
797587
825381
719581
978698
678120
220655
411744
288406
247142
558061
996632
343944
873739
428370
101058
167380
279418
583970
901215
804833
454346
847131
610995
559733
344471
766973
517184
413315
699670
951356
239634
642242
738692
889732
457891
567838
572022
725518
980997
706223
420875
13644
220639
463651
746533
131205
731748
969272
269776
136040
162666
900194
714021
870542
473688
458381
922276
122253
231613
944645
550058
729958
604452
973633
543792
371202
602457
298709
426430
233164
470954
349570
615361
99144
545277
428982
695776
656265
589
123074
634567
376779
883983
975927
759926
958381
165123
276496
592181
698652
250547
82287
626458
967946
267733
129790
891677
498023
458718
717616
579663
512627
300854
555072
708166
782318
347181
136398
401994
517568
421123
83840
537949
79852
940386
217207
33126
48668
524705
543996
472440
157142
66742
290585
305234
644943
308341
488761
850956
308825
630372
777751
51101
747939
359284
954958
732860
845780
895925
12759
631483
373753
935574
297825
164872
466368
496072
167424
834026
808248
541962
351493
200299
394115
480042
18552
833437
785272
756585
686554
962079
417224
478746
876593
532696
850486
813958
49827
12492
643633
501589
512697
8537
100754
457949
911893
918702
517383
945625
259196
963768
14374
730346
683807
582668
560369
132881
601507
960
359673
86144
901699
455987
674556
433779
936381
616561
795366
886971
740165
150077
476112
238474
264875
47610
634121
877790
609458
185609
293016
165135
688595
45181
102935
189280
323193
89811
558053
901320
117590
423437
30986
16676
816418
416082
896959
570435
839769
863557
713355
348045
669103
983750
932309
652866
135206
564416
595118
294980
982938
204921
955741
523616
98350
804034
945802
800020
761569
188302
822998
686669
640866
939930
535484
955315
591379
824289
89250
609801
387851
487654
892683
801024
103545
536521
926219
661123
804724
103770
873330
66559
751968
62277
361355
831008
379284
555563
973145
243528
892287
208855
997703
715933
901448
914007
56269
749347
348474
235985
4898
132221
476932
282956
309400
330581
857982
230063
4718
76985
808908
295166
802449
768905
792287
787986
429732
992390
493438
819675
699797
45541
365612
222636
627730
323880
316222
359074
703046
993617
283484
714195
939899
557275
925907
648518
1367
652741
145120
203533
161971
209217
134602
510209
540052
222217
652795
427027
130119
270852
655787
488285
324279
380049
317028
935839
4117
405416
954541
397901
337378
735112
803186
655372
283656
516175
884730
964097
883432
533345
457265
683119
298356
973842
174794
720314
162329
779942
806738
729535
261309
545480
477091
506638
610994
876444
586370
125938
531121
987787
6921
3077
958333
320323
929432
515285
393761
832031
599477
262310
480216
321659
67162
557117
705740
789744
606795
190198
635264
907316
380917
986115
886135
422164
291427
510939
466285
164670
328234
512771
316487
700405
640649
363676
856769
43402
806648
515800
287074
660738
48301
456193
90554
522554
326942
136688
864314
366047
131024
625902
634929
982385
534704
847620
344662
361592
268772
936256
772104
104744
245368
512721
439515
521322
871073
572142
503622
460785
957924
253438
177025
92561
453620
551267
142559
1862
450208
429498
395739
266883
567830
492398
674760
15582
960283
952123
189148
502978
302265
68209
438864
543142
585898
343248
490978
711250
721068
45550
612636
501739
379558
855349
989283
308522
817403
933693
847342
180940
618531
521870
879568
398508
794210
838339
28349
418515
57922
914091
156053
331096
733685
957078
781608
980718
539349
910366
286603
149791
697203
632344
749445
343779
96351
664119
145714
194603
850198
815960
138731
103326
294215
218026
846543
183517
847134
325188
668926
794768
762720
630881
644089
346501
951237
260289
763073
596414
810939
709014
443271
534187
313832
184831
42523
34047
922256
904703
281167
257593
139793
800641
232418
12826
842304
513250
134448
517436
478764
627048
805524
817380
914966
885730
488762
94837
110265
187170
715243
231243
748213
543830
197298
710964
404296
14560
253505
19401
162533
867910
347938
986617
76293
64137
288960
46528
824670
174652
126133
28335
414679
712879
238825
959769
583171
173969
751908
413372
999215
183754
933786
56263
866509
973303
224161
320245
456837
373266
202681
562653
796687
561886
39137
409573
229087
736859
459713
571947
750554
596391
985568
83424
617676
488324
470636
186918
522922
806685
122668
992275
149283
820889
624343
364492
520509
890305
576747
862046
357566
552039
823906
777770
818839
535881
904020
802226
367265
211957
977598
283906
671946
556109
375867
966298
960840
878273
738080
942320
602394
345941
574982
922366
654291
714399
514472
892355
285252
354466
813239
422514
324759
936591
540534
314110
986198
966939
545191
283005
327443
507786
366188
600180
235364
352671
609752
560199
754739
385517
466599
340582
560329
760718
365593
524549
162211
528054
945658
954193
533868
53056
244328
382532
109617
775832
687477
482530
53674
855377
547579
332737
765227
811673
65610
865287
438216
753221
385280
882012
46385
926419
299565
78166
251717
781488
816454
114507
273211
515306
567906
372358
157793
75853
903119
991704
831556
741582
513885
732359
947578
177973
513184
970045
486797
793051
14669
799064
477720
467779
545222
761533
467776
325191
445460
2613
154157
656726
374363
316080
910943
84557
306497
881563
92656
929158
871250
95510
514650
844880
738195
262506
744488
107407
820500
76992
615500
21624
56277
808247
690503
870796
124623
402989
401119
110999
594042
866091
645854
211600
811028
970811
41777
999627
770216
996011
834653
854879
873462
474576
298374
492996
132546
753359
505879
559309
609485
673087
284121
804567
352211
575635
262207
767479
73406
583535
851038
257469
799984
881466
350842
400341
961195
610296
863981
845671
605763
692616
123891
923628
295971
767940
501139
302716
410293
713562
879356
516698
909039
570681
999696
936097
794404
449281
35392
311353
840146
31158
412775
327083
91262
755316
379285
449532
704171
599660
197611
2503
765674
702604
35839
810948
784661
667154
359572
885002
391437
618912
561205
654916
586433
478462
415575
633142
955164
848255
513697
505416
205096
740407
590364
641164
574362
972338
802262
350912
631823
523148
691023
646161
615133
981792
949932
150744
582099
403905
186483
950909
507784
957406
455546
876957
807590
630783
418798
921971
857572
164720
826357
49200
56787
586551
265299
970515
581596
410102
756853
886125
57896
468206
692075
968541
607156
28742
944360
78401
677473
476796
455485
400202
999474
440039
583411
413662
471556
57269
659308
482921
646450
611599
227396
177630
57839
46617
366420
314434
946403
565194
359448
135509
462177
116877
971581
604125
899624
602689
493756
650255
305656
317195
602860
806148
37404
36634
190437
234949
338654
155915
830354
863276
819211
447503
644861
233675
714266
974900
468958
307546
608259
619879
991587
967508
3511
771157
465001
544507
308752
848234
603574
53248
977743
447437
69385
383263
508832
505722
138929
373868
561488
120811
39316
953254
759212
850657
927772
228928
800805
582705
867297
825353
948054
534069
487967
800692
972474
978781
890514
893864
590312
751906
175638
192244
84680
509922
227805
251554
632827
714004
676447
788262
152199
340715
579054
298342
875463
861856
528940
930028
549462
844939
154729
442295
610134
769377
781224
763070
723317
94760
848747
419435
342340
907093
415734
587695
411015
912140
13507
687730
48369
459006
880393
841620
813205
64498
273454
393021
472482
324772
810994
329001
159078
783490
322180
116958
245264
554174
55618
387376
580876
299708
420177
937537
660062
214224
771900
227887
375968
291114
556038
467644
836657
790779
794870
500582
50244
590917
359027
643793
972447
689318
638877
722385
265037
510434
862548
744136
28778
576175
576931
571950
541215
438355
983569
199386
652720
799187
740314
884221
364708
578966
304369
744603
5848
480139
310573
901881
586130
2193
433982
226191
797481
626452
244031
672220
803250
308128
808637
675782
70712
461857
561969
297358
285999
802577
641470
416725
553592
723266
496862
63863
125522
167467
674243
397778
60735
663073
584712
621688
311705
550865
707497
623914
708224
863659
995393
413720
27780
470322
386197
222026
945803
991727
382562
65908
937628
49969
880071
392548
318615
878058
61671
324284
780161
836254
602707
597836
938527
412410
891282
279996
775517
294772
593683
391917
241100
607520
204025
575995
907156
256622
917257
103898
515090
749259
95389
800952
411671
729569
66560
970996
949364
405848
406315
336111
945883
701935
948479
951632
548672
121502
311045
922415
820556
51417
599598
599767
325221
651491
393804
393227
308245
974078
435022
677973
786388
244605
633452
228534
482855
982180
901193
415673
864904
898367
196550
259143
340408
891995
810829
124103
256364
152428
92566
256656
599850
425662
180764
632958
325120
672491
958689
634205
568862
842185
440833
807356
207580
80216
773903
280411
899572
913848
638279
455275
348856
514141
26626
663822
261072
601530
27398
31597
274049
478663
922916
897315
924934
905033
513475
675117
774247
893854
416529
393240
264682
948945
714298
22142
332352
395140
939922
958883
852531
150813
79723
558175
901712
742016
202616
845856
113850
345383
346427
444813
92639
775412
499577
284836
576808
47790
826879
533556
490532
375798
686955
197131
181077
671312
925189
237341
932115
84215
79560
717896
512997
683507
376516
319989
724906
415575
529702
68578
667905
561683
103267
523423
404097
128602
309570
499521
803265
165993
217916
189418
355929
818912
963250
55667
853018
815892
657372
451508
773961
30636
846525
867350
123365
183748
631732
420204
710813
492749
484992
691839
538839
239574
997379
529386
87975
584890
900176
93740
373455
57210
253322
939309
599717
667003
778371
817074
310501
17973
480620
646024
901724
260076
98702
604248
689069
119696
804857
208756
804643
225442
830962
889179
403647
17735
211222
658538
736059
53687
928495
16259
441033
938141
993724
749968
137162
838504
30137
720208
943233
123274
641986
21195
772359
631692
358979
609580
863393
408085
204924
479723
67517
860486
686736
203606
41585
95837
849094
584518
717512
104989
914656
733308
813029
967451
911603
23818
60482
214141
585067
101452
249440
716939
220265
373206
547562
568766
318957
569551
515790
931753
72382
82547
946165
517369
577317
166182
609491
390307
257913
86775
690631
513451
456879
365171
766193
266056
21480
148551
941699
806818
979234
441584
164023
238777
334009
9582
609493
265756
646588
636485
812301
251436
282668
38782
50419
85816
996845
347523
313373
765262
687890
693436
774126
939820
153370
122511
113349
284013
419519
990985
215671
674867
606590
475275
723526
379341
460851
648377
52075
278448
985825
769524
221987
444549
100266
851750
90397
841074
419449
137971
440624
724262
635039
621884
803389
128329
700448
469595
223489
305439
953946
73993
572390
331186
256516
373514
650005
992418
906937
714983
842005
756931
438165
679291
455793
490812
108961
973733
124183
157880
964886
240001
526897
492695
889567
82266
82177
466542
752446
929740
435012
113828
486877
789713
629088
178421
161963
147751
782280
506167
378416
713332
114122
213687
439402
421472
908927
151566
972372
320129
466863
358593
756389
628899
793067
663769
936976
122932
388202
334807
915716
858209
277746
899523
848969
418695
967632
405389
823672
880774
845711
212815
386771
73001
928886
360413
530657
218606
673661
617705
847835
625093
939771
13586
36467
242679
701565
973588
625895
366573
405078
994419
527794
671872
311577
47723
110611
346337
620207
410677
194820
707126
111522
437193
13174
608147
150690
57264
999052
726270
673486
245441
122263
543343
632984
37141
753088
519453
693648
904154
271231
903213
93156
348674
771791
688117
566005
577153
79831
912117
26520
241282
549622
809694
85398
558145
839907
800165
799475
205943
959017
744144
554062
843696
816341
465579
613593
104935
862800
623239
400594
765086
554026
707030
432506
630580
871873
318443
589919
262391
160330
544618
97045
149566
272512
34156
948005
560048
482834
344564
826328
466128
78312
538097
110038
856144
936654
835261
388301
511602
719631
361255
919419
545465
218612
424952
429508
602598
836600
537229
85353
533230
609833
150937
636119
962841
65525
465147
354971
643238
231374
512146
951663
433446
460957
404297
755409
566030
90741
89997
353175
152990
656193
735368
987220
23285
449178
516816
167010
958955
336316
538416
350892
6320
632793
696374
621337
79999
374158
282849
392195
618631
907696
502595
433741
924688
310682
326277
192668
694040
958715
661527
593995
811966
730148
21174
305427
391046
581340
687002
802744
128172
136606
574206
886859
379288
412962
942694
835457
966574
942843
619915
562076
372220
62383
584206
180458
551374
537449
964686
993104
489602
748041
624417
726835
373002
159522
714295
779746
438777
271835
733162
480288
852542
198210
37556
611030
681726
536801
783416
520644
165011
975201
266350
743853
979264
753940
850466
72751
950588
935301
743077
511471
276579
133235
882616
369211
671456
575233
821870
445925
832713
659304
389961
82084
918074
616191
465078
806480
435276
67111
489317
863898
680222
807084
132966
6475
225754
458349
549639
640623
246641
464550
898988
372228
6028
826386
819188
134017
154682
944482
870364
528524
472403
918705
911948
320597
415808
740830
783071
905193
483665
310340
404652
815253
524689
943152
545705
785469
535092
345890
496400
414313
732239
121622
651181
215095
149147
902232
632892
341346
264074
376805
470347
992550
357564
895225
717839
258476
398639
392931
14770
858673
12967
580630
206737
465045
525870
534215
610110
849936
61535
590147
996419
573579
840291
622917
867108
239805
509650
179082
896328
445220
538013
731520
903198
782748
825203
608324
870027
439032
158788
9086
202083
661352
405289
378088
982500
608072
288129
843130
245621
792005
299026
753905
193497
869091
363717
719490
726504
152991
884666
95016
181866
205805
440297
849102
179919
164796
275805
760315
887259
742453
566275
21487
644258
65131
444470
580955
886648
466938
841196
247461
187115
932085
581792
497578
470692
786750
885825
570803
409637
900258
427230
12780
103497
645960
462120
829153
712984
655860
625017
337676
495442
807002
324348
546735
180189
688759
583066
421235
153336
937441
529940
527747
290730
607642
144974
743462
707031
330809
392743
19625
28682
636569
989019
124057
737948
655081
838570
377585
430773
5766
840519
43950
210449
356631
596057
687452
950680
842005
703216
723896
273346
172041
381245
803380
235145
215405
461135
189313
598868
137342
365785
288726
306372
762979
610115
22741
392991
842184
801282
457700
839500
117874
454689
395417
683313
989376
232043
764672
847530
434718
973487
874683
767422
31290
333715
949275
188072
881776
521650
736810
761469
863809
335632
645174
251488
720925
214874
806133
538235
97504
876220
393311
318654
568436
812981
8326
292561
885920
456037
988843
742430
105496
829886
952859
345229
200188
43353
655553
819025
464767
447054
520295
375736
631189
405036
68201
63251
774696
704111
993355
545197
752983
19134
246127
680622
759786
328014
540473
816991
25201
409116
575592
142538
659062
419447
612124
579135
805409
783098
424728
983280
563620
787359
542669
285212
273150
216571
948526
858397
930483
552174
65098
26796
241596
513951
231554
213696
396073
215880
399880
137296
65383
8251
551184
761969
516723
884565
58048
185405
35247
952846
704716
994149
260677
519372
344780
821905
800806
442106
946291
938607
678964
17189
624113
406864
807259
908124
851063
751393
260662
351153
825015
936122
292412
549054
923512
869861
451048
678497
408838
295068
403560
141234
28730
754357
478122
36010
689057
616228
303926
569395
195209
560840
53516
511483
130344
461458
565107
270341
651687
790222
497571
587108
490911
279247
57389
112541
804876
964002
717292
924990
362614
907416
313625
367000
809368
344374
350802
243409
727602
409571
108056
776204
882240
167492
499735
713133
283193
879883
310628
882235
542403
33892
990745
414205
96675
56898
128697
714998
468398
241495
249277
542029
302029
431297
962466
3011
709893
710142
674934
799809
713264
532408
983393
557027
745420
265931
362734
421700
303496
793360
954678
71632
680884
147016
68835
664694
320804
379226
494875
861544
630127
566573
299101
844829
15411
838398
128067
419402
491676
413978
104828
920446
953397
417037
279
624367
869993
471531
929035
402178
484520
804761
557264
571467
684433
861105
233748
51617
44341
699672
565964
531330
314974
629690
196244
246550
874794
281054
881221
409222
210519
360909
781502
346147
520009
309044
889906
278128
281399
155738
686677
513359
34441
437666
647378
428238
589193
598254
689100
284761
191163
967949
21099
555728
841291
593993
840766
990705
850592
398194
890357
785909
958954
36556
601077
128193
626355
189377
988052
107327
199722
157037
532031
517210
725088
42408
593360
9900
840471
521888
61289
210784
317979
840934
186856
100658
167680
336426
81773
125669
944590
803338
170926
120600
611724
818065
916819
71170
753837
265121
656716
786144
375630
309931
297464
41288
720143
642752
673370
421693
80821
311458
561798
977483
230342
438898
509186
267184
344863
443323
854240
932778
276140
932287
948500
634591
553218
662952
650965
566350
245302
233729
485088
539969
782636
76404
935610
497270
154576
568410
31876
673368
608314
87403
303557
637143
443707
200389
551425
818157
104110
751157
844846
189607
117998
596518
314353
646447
312039
199073
997919
624073
605395
202586
98894
807414
671086
457640
268053
354284
571177
948148
945909
373037
621000
214159
330257
791687
150122
467573
621277
237607
332677
183157
18470
195136
842955
515508
670950
472157
379179
896136
112865
905661
391486
304688
791369
135593
733396
446006
345234
501418
762837
298381
869153
709714
936043
852424
843876
371460
521512
602592
106855
17877
369094
106129
285162
406210
930900
102757
113233
348583
35449
8491
210943
316506
449421
566002
622103
336899
915196
41367
189750
954813
144532
337981
659510
379237
987571
551025
524136
926151
612652
412747
150574
22799
155993
550055
293341
886704
546433
809334
37168
829690
943786
517239
18496
808743
527668
933007
755834
639909
710736
540216
575561
241737
303913
311323
515163
69639
529067
61141
223496
514556
67667
895129
135105
98778
641773
431904
417873
670084
710712
592966
256274
76198
717252
846767
452653
944910
347933
656952
383128
307233
646160
962908
60855
135459
144398
265501
137538
955925
154889
723677
710393
709531
226991
453512
367036
531492
829525
133966
157165
567870
377332
801500
82512
319215
43462
122486
434190
797594
411456
690292
622003
15928
133282
212055
373133
978999
587765
269055
166471
329171
788696
891445
952752
240773
59315
15509
585836
452600
559390
861706
759484
394971
165117
628219
864777
854940
549872
118314
855905
764174
181768
180537
573416
751654
194654
756973
136321
584606
361032
76580
733816
618359
343621
519971
900938
807293
95495
6186
690027
496960
346068
671655
883866
273930
693761
880504
896181
551916
21134
373305
364733
184621
624810
439618
710390
883353
570866
813906
317286
744313
784503
178723
851957
901890
275623
291280
884805
157190
816063
218761
27627
482833
590700
595352
514775
82694
845221
322009
439417
991522
981120
741236
710983
174595
793239
333872
995462
330011
353878
818581
563806
881426
170088
51697
378765
540026
629344
867817
79602
911528
454423
160391
828335
68448
130021
374841
714409
717517
553307
925956
895398
380730
964963
241059
115645
400463
929007
752304
24295
450587
229693
844690
948207
575706
167216
310331
109453
173415
958456
314976
700555
838735
668398
62165
327878
586178
788883
570783
634226
250018
771104
658356
774604
477450
31244
626204
880147
53917
806227
955282
975026
398908
748680
840053
32215
750250
491293
998649
362038
976401
619795
11384
161141
200384
284687
243328
312446
541388
784020
255556
884427
962889
782249
240440
847260
62500
160368
745251
91338
466607
11948
913613
612985
370150
192754
958796
175723
882520
258005
591960
134619
523196
809879
616942
914519
418924
965212
409208
809025
824730
81673
525644
687168
831535
389534
894079
293627
804964
82393
88528
271971
157589
406854
855491
994973
47030
438345
95324
268992
372431
130117
890699
201083
163271
638667
586357
320808
871089
967457
663306
7267
690834
958505
806462
172205
268798
692477
458779
332450
772155
522145
575958
966951
34726
296972
946490
680032
264945
107844
826112
490286
503934
172386
940028
745419
785699
192353
303541
478380
680980
419455
298740
934967
196921
495439
288505
843692
998994
674304
153573
341647
37122
231019
419437
135693
319016
263841
239885
489857
181393
19692
86998
79802
368850
98088
941081
429412
312743
674430
132877
434536
668761
423208
639426
619635
813882
108373
92872
754086
988868
115841
566908
807891
800026
870245
86418
345583
77343
592696
407749
784821
974953
294271
490259
492996
436541
443225
191922
152725
6679
406407
543107
594838
750272
858562
432420
399077
649911
999685
657723
570043
774077
686080
954648
799154
189122
416361
509938
178015
349678
951083
629822
767898
820052
492361
794128
199964
268916
198976
12508
136807
726896
328388
430742
673047
735383
711373
437971
413162
239490
293340
975649
172607
263031
466310
288915
6278
107410
80748
57650
524520
231620
583908
801059
321546
743179
234366
773466
990808
827820
673532
274395
10130
260538
914973
710569
851976
909674
989719
810708
634590
143254
964696
294177
820046
708457
765698
962621
219992
374353
263654
813371
399101
141139
629739
129697
677632
370415
330397
508883
370555
116762
803144
139556
245537
636145
599326
203743
164078
349950
725366
851472
563058
449060
670238
166211
997161
801249
597154
860349
264855
957987
296471
795017
255206
819760
131047
235480
839036
297428
62470
172961
135737
968680
455731
707947
430897
191164
484034
594007
420373
38156
229345
392825
395239
407178
492515
181110
169133
40858
482110
592845
8783
200680
481479
545639
625961
498827
544672
880530
958465
843918
109186
124532
97069
103014
179797
579009
853424
217311
591456
293693
284106
501529
376082
479143
299206
940699
418401
829616
352105
403179
693956
223963
536392
219685
99619
897795
709458
533821
864822
967467
405087
414815
58058
259107
187720
853436
176756
962675
267048
250360
154361
469145
157877
727348
478402
549091
914840
405396
783384
699343
768538
545403
6847
308215
26198
649058
174459
93607
64234
679189
564989
31840
749573
461439
509355
588397
864457
653649
784110
563928
955559
4571
472788
721669
599434
363156
833726
925269
281295
102498
150282
144266
738110
343941
697371
331981
705177
834518
509504
923323
85135
830441
481141
966979
475793
727160
206967
78623
909184
809554
366154
324703
990522
204800
205430
650608
818640
222770
677338
812722
837207
405485
39281
977533
197047
317768
696445
921511
774923
30697
551514
317210
369087
944427
224545
773715
769595
353674
306858
897062
788476
391021
313034
128895
599319
801959
175186
4509
440313
459288
178760
808344
628618
387801
461525
812070
727077
694196
242556
709638
624539
294941
113981
235173
864259
449318
545305
1309
207603
630330
703129
619647
752568
520896
170750
179512
989735
335244
50842
593105
627087
894768
444181
202908
973294
137341
350262
462380
614745
356588
789943
497024
417427
314688
84618
734951
920571
217263
953899
689114
410952
664504
551419
97372
359218
272367
507461
203301
173373
409468
313568
334528
398618
423887
36260
518108
243471
161147
566349
645527
979997
112658
140343
606986
167635
549265
777115
744805
904903
169326
702865
84160
836710
213024
705937
586050
301598
800921
326607
468999
629640
222020
621958
569607
246434
317151
885453
834569
899542
249620
316140
624796
805456
722445
314640
897858
634878
253680
854556
415461
988686
561930
535225
946182
61670
469813
931866
897096
415642
455127
14840
908868
53094
976482
571232
392248
271131
799922
230930
563589
70325
20616
101677
141308
392810
770106
920835
890089
636623
52255
1758
460304
67678
587601
71340
704843
884229
109211
535048
37878
627607
64552
694382
378994
292316
400086
279513
821846
400927
148256
275661
234008
542198
563220
618611
411931
632651
777517
330371
904513
297422
368689
591281
267035
842652
245007
18925
924984
245781
554238
476197
952775
294277
636068
94965
505559
437273
515472
383450
633414
828497
608820
258595
723954
785012
87846
395999
992299
819908
713525
95323
828863
131876
545161
596640
779267
981802
652001
362841
423430
495991
40279
70331
99989
517019
778338
238879
549732
998312
620400
630803
362900
570908
510095
847630
900830
895459
469652
900702
230248
34934
779632
116496
483317
994007
447347
24806
523458
670974
613592
116768
970760
108172
490744
109354
329799
142928
971270
827162
553021
258136
450957
43808
829402
220851
737905
93844
705169
314016
494953
628804
55113
386039
266151
754028
266588
864329
249043
606312
299158
942791
239998
867445
724990
575420
173765
608146
676951
335811
337921
472949
574167
509954
370480
880295
493457
999903
715287
697706
785396
622966
473223
568785
693365
695920
284344
354123
657593
956800
258413
61890
230953
384333
437310
537330
225941
613430
707700
792576
632590
859320
551799
883487
509232
951859
645018
374580
679832
867049
394087
889162
148770
46415
835445
951711
816902
76459
191751
351027
793027
611877
926012
251431
576175
382401
133181
891020
352271
625593
945769
938728
823233
97695
320268
572239
999765
244048
627233
476259
664512
323695
919408
230931
630214
251708
987479
658886
358922
266566
292907
695993
970969
498229
786465
519273
45535
921171
316519
537012
286564
252417
370847
380048
560561
178089
21941
689846
405182
993012
679367
456545
866077
829324
992106
37711
798670
412404
743199
616384
167948
730839
261710
306790
612068
448771
452362
843880
528086
201486
457361
718601
227728
620057
488628
8729
360167
748536
510071
638329
326257
968653
775451
319489
790337
246821
352404
189699
95683
877141
993661
31163
224763
742325
433080
108558
682339
461066
32668
35300
436699
968509
607322
762904
145276
97955
277348
44281
567989
608480
137407
277446
241883
964930
540658
427776
306726
338938
654300
417934
407545
841137
445455
516913
286033
359937
696454
797612
932104
121807
187771
847289
295385
893992
302826
418651
427681
478073
218305
432325
468413
680734
65765
54171
994440
75899
336522
701965
858045
375674
790253
442069
717132
546936
794829
179348
567158
869327
882390
899622
520801
731770
182328
521947
110677
948111
31625
904338
190364
592808
528697
942683
238585
368502
57890
653579
789399
594135
67411
790175
842005
754582
887106
813929
592327
851445
179750
268026
530958
111569
177566
552946
108565
954838
396038
474041
884854
980783
93646
246154
901023
265311
314525
946501
462896
680597
39693
831665
574970
656654
373820
877674
435776
742559
860821
689160
805656
711272
276202
302920
517920
142892
473566
535692
609594
554990
713263
605809
643967
451878
314573
467337
363070
561189
738190
270491
374661
973769
939977
797665
481578
53726
553179
510682
854981
457105
708835
312291
215057
415654
183964
308362
718333
344898
392787
781584
465369
364362
787316
569839
174485
415346
218392
476073
188473
545231
882231
51160
447575
632573
623760
636992
504418
583953
268232
575607
372294
641281
968940
350928
841337
377886
266150
133635
831708
527522
136164
955971
390035
9824
527982
767704
285791
700138
417014
603016
953963
930474
417348
743741
100248
134471
890459
797490
416277
861539
240679
290995
399063
884545
656191
330123
686186
925330
176647
774517
469948
858444
794093
823917
579422
766183
838401
76287
596220
989983
361529
271797
503916
197282
400001
51287
642015
198311
190352
740406
290900
697179
639268
807619
955760
937395
123815
653137
723534
761001
357254
378027
293766
798563
770859
96791
482128
820685
297100
134261
79846
984198
512838
723303
920889
21371
687032
128067
76032
366463
57766
73783
615988
210928
417516
93331
132007
744111
370417
354947
275766
337316
19291
51682
384032
349182
521563
472943
76504
23867
946546
923425
922727
982853
14462
908902
643052
266793
386720
772035
668400
33950
63788
416299
611917
509448
557301
723625
398896
367797
868746
812129
870870
830741
852944
681756
673223
688659
623900
648768
168382
437028
757767
860328
962968
971938
742109
439521
483101
263922
99897
946909
614497
724185
471757
917472
609203
153128
340256
581680
430504
989019
591268
438358
911214
408639
486820
387713
325154
556316
935360
174424
903143
165985
207825
985509
636203
492380
361828
445448
2376
424163
69426
318044
432699
161824
753263
338236
753685
872361
927639
840224
134470
2922
967755
152140
462897
503138
949064
782497
627318
79439
942697
483063
789024
143109
759964
220990
868089
565636
705127
630148
885171
892229
243305
497390
469337
56367
592731
966414
204109
125855
535520
694498
9732
11796
110480
494582
176333
382648
81545
731417
34469
903382
201931
469911
59594
395273
804855
628903
1191
773397
919748
194740
652756
971967
719078
761215
68528
552180
454408
599990
563667
561934
590798
451518
313915
737035
333255
62143
671612
95459
55141
230458
938380
550660
968404
346548
411737
320070
473978
857131
265219
136335
210788
534737
741084
68305
104707
520066
532419
200904
451147
368658
519234
403299
611233
360562
796080
336845
967524
709558
495634
723247
583623
869295
200057
616958
847975
848835
483095
893267
273967
546711
61803
379226
853881
729364
766820
218457
767978
148762
809688
174411
522436
911700
166422
260091
946946
997462
163904
240214
475100
207381
69452
478898
694290
253649
565983
821771
178416
146915
308270
998503
108333
588686
834265
423891
182749
777338
453085
785064
726511
50083
477512
197582
842322
370593
751814
95595
684552
398237
841215
408613
792563
918832
224158
935167
725068
287626
132689
431862
988159
863662
361396
853886
538548
393595
111311
662207
472811
982646
293671
722957
203277
262350
534353
45819
59275
373085
143877
679547
769725
11569
391936
544980
670014
19170
509063
949042
696142
746649
786776
213433
325043
678318
489820
285121
888076
317031
439474
931622
123918
951665
837066
351620
7447
887258
482387
317601
69767
62953
786993
900425
439591
449278
751253
245763
40059
232588
349409
596362
657823
44344
429569
784411
594956
703775
265114
487247
82037
102711
61788
514678
766031
320768
155091
619653
182334
985156
279483
366562
361115
803842
591036
89272
45855
881309
663358
447671
642303
308383
544239
973065
644252
180960
952229
845242
700685
734203
353458
588735
541574
283440
375393
579228
121941
629064
940419
882848
495943
222909
348747
443980
663200
152169
4230
214334
309208
152419
257551
287340
157242
729083
770783
140203
245252
217115
812360
108727
168102
815470
381602
655082
26365
769045
749018
194763
842687
795396
50792
297576
330101
430531
398525
425184
50200
172745
510051
561062
594042
45846
611658
289472
304361
108277
790143
974245
502231
123641
713796
553303
635561
552125
527360
147454
262185
872894
193900
895684
381225
952993
232107
669917
45315
539253
905255
730864
215536
306978
137133
598458
590569
675814
435697
160826
178993
25556
196168
203103
726055
824090
346420
754869
935665
386817
352225
136885
355097
615900
421328
270151
344417
774334
915064
478628
477862
704691
488046
659189
194387
67625
900248
588731
923690
386461
39062
659181
811110
345227
476316
836288
662843
2380
951102
593708
789400
410967
247098
875682
460069
407114
680914
580676
372188
904065
264457
31574
922521
282986
256200
646283
960978
333309
801507
70577
415268
249255
42088
364554
666976
564359
298949
7631
287527
809382
767157
883056
844933
106838
65163
754372
611256
367641
506613
298650
796020
424789
310304
292123
808058
465006
610727
764839
54948
975663
284629
680108
756048
921859
392341
190290
166881
45534
927250
538275
374078
307780
425936
215219
347351
55325
684847
684534
225804
947493
789706
743219
362392
69887
392234
657939
31192
249113
258393
896025
505585
444753
818957
200406
680299
733847
733589
416095
491733
728790
864673
407172
206117
571202
487519
938510
348234
42075
187697
961593
956320
655384
232675
5857
470845
228260
543746
767284
323293
529214
16274
950917
252936
531479
552481
126135
215301
872343
609675
617893
349270
115612
379688
463320
966259
96192
325810
333465
562848
845869
654593
849831
507920
992227
682605
988728
439537
186008
853499
952047
569634
583124
712676
798097
675297
550532
863511
800069
694566
490500
833329
464493
862134
90940
305242
778269
892290
817870
837566
649215
222379
246502
842650
492790
186667
285354
127592
667519
817201
451500
492585
725317
318453
201365
258282
814524
412993
418136
797440
222905
953550
501224
669242
72830
499780
87626
150547
761794
41974
631735
193318
483731
994750
336924
792197
140246
852733
306465
301484
876197
508606
861271
142191
391474
220163
432785
547211
146112
590011
366934
378409
552093
496375
513951
469608
804864
919537
49862
245712
931841
74001
7085
156799
963889
946115
743903
458477
515093
51730
129439
791416
47448
532198
168832
595092
329327
362536
577568
946790
741545
186721
879721
875651
392324
642878
926279
816757
399147
382700
194411
217165
900009
212825
474529
175883
785601
75501
718991
952933
150154
102542
594347
67840
990657
483338
517459
678177
783200
115762
795910
489213
162893
127686
944770
726271
358698
704964
512201
624464
372270
176421
830052
459639
84762
91614
157497
275062
874551
56089
857288
39727
958814
207276
111329
118321
833111
2211
170850
645578
503580
214446
293407
469163
41331
754865
454218
988140
389991
989381
344825
673489
963378
138356
167375
382876
970313
461671
204063
541074
757035
565526
320122
383567
75300
257955
562828
697351
883468
550791
168867
183832
888836
760680
126169
151338
828156
771800
928771
915258
552056
498144
176150
638865
327104
274461
858949
600906
325884
746876
16469
228609
319527
501355
639217
153143
692410
311720
511187
858215
721979
200987
898512
593317
107160
62167
633045
37910
12275
944433
902100
847809
537476
395104
399229
386059
229725
74671
739819
301072
341068
432550
414241
777871
381120
868405
981198
120290
715477
512088
595386
457064
897070
746270
84311
257726
173555
728159
48277
224735
501132
490205
478537
756256
679258
679110
689788
811064
522961
790168
39814
668901
386397
66248
7861
65518
70154
617341
644580
273901
679724
528095
281540
458715
954945
677488
791782
13853
93452
468104
451873
553500
348137
692793
913463
875918
490086
924391
570171
191224
757042
535878
557533
493288
756102
989144
389233
4567
568862
795951
571575
844204
616748
511113
107179
224185
976073
504363
659575
972821
5206
419172
836303
412289
370563
864979
87673
809919
785141
440778
30255
6211
824437
69300
253604
315988
795138
14674
953880
792501
144397
881759
351840
263376
913269
629425
184098
315049
854876
953595
330233
63063
934598
772784
21802
321943
784434
981876
146427
120130
739819
188946
255657
703688
148319
606160
547840
693885
517618
149564
793193
34520
497233
185715
904295
478936
241531
961566
839662
323996
853331
39181
125393
468361
416758
360191
752200
648933
983305
658860
517495
707453
860138
868151
625187
816542
941786
364824
217730
858190
134165
427894
239186
364785
83501
736393
242175
109052
766265
762618
365443
310631
529961
851202
630827
670924
987599
949163
458309
875586
438448
541926
82602
694384
986507
714248
296214
64437
976908
760701
578082
616736
580969
930217
287696
820558
666722
171337
126964
560353
315296
487170
673396
632964
132933
854154
350948
487439
425368
592496
288904
603165
130595
418372
250998
660621
390880
777990
111356
588685
487888
934753
74698
793017
520063
649135
864523
996426
261716
190410
849948
581020
928144
73388
998786
262702
848357
611747
465899
364686
60627
176303
953144
515276
18348
49949
940654
673149
224291
252801
913210
808619
228791
49985
142166
805305
330354
397070
78609
20629
526882
175602
861587
210004
533008
969937
479980
918066
261243
758489
350065
601368
869818
234096
728824
471168
52880
104777
582107
266061
353976
197651
707846
776294
303760
862346
328373
475734
879438
970691
222250
351450
11864
777344
207003
574140
795555
731992
329834
347166
123770
149124
822166
206382
482498
308839
951526
998432
943292
261532
816802
815373
308233
705193
404488
207110
361990
914719
935187
849489
225025
891574
58860
591057
495643
656484
927266
61085
374778
311300
309270
373011
805654
679898
593860
802250
410090
460776
921625
387226
537228
541703
502077
4477
545591
943949
331389
398474
404097
708585
506194
955490
708092
806905
579441
444798
718048
328511
574533
32383
334203
477094
981607
258192
335470
199799
515508
956854
288528
15006
807288
19142
555403
299604
986397
85530
917494
249660
997617
607635
705716
613255
49797
820155
372522
357135
311802
639538
915446
138771
532952
108964
481705
521059
858991
490598
732378
353728
392974
628850
148399
591048
351495
332709
92975
195046
558366
260885
275010
187451
428294
152193
860737
97463
314432
325084
888547
865259
664072
152586
475254
792006
96663
474214
523023
95628
420591
376837
720114
447496
241854
718059
421332
259591
2014
478792
422805
19952
32268
266638
389987
492749
529317
326942
195601
145942
745679
854756
884963
265985
850811
446662
409465
966914
136603
376587
777681
745772
344984
492107
742119
239747
86278
172528
906344
292385
312423
897612
137545
975450
17677
797099
878936
549472
851909
711870
583397
140780
923560
582066
3646
989871
164129
248025
84083
731805
638502
664247
861538
569885
367052
663538
661975
820804
934547
466901
836758
971568
996787
256891
452311
901171
946844
800399
466469
598793
706108
386609
673576
559943
321755
986380
200946
268738
308375
710649
337704
881374
593192
573360
168429
866765
370611
87146
987103
403364
696233
207455
659114
482277
97115
99060
761699
263378
924198
606672
139562
157796
760255
254521
560852
141936
884305
127359
618367
392546
804127
122752
674771
647195
690229
430778
893462
308244
3445
872249
765576
979900
367534
424648
349627
560076
842237
908097
921597
686776
97624
975683
838433
625382
996670
806573
329744
615325
330601
711085
712468
176012
890761
647553
879600
813102
926805
955504
174860
652650
580570
801905
931599
377748
873895
203998
216025
150080
813170
927285
62926
791830
374303
659314
154159
3978
800994
311780
690499
629569
786521
71581
973287
75956
208171
396378
751121
910740
697094
30015
304564
536266
154443
336282
627132
38178
24993
718058
676583
618179
143737
138227
157966
872700
539711
893946
47720
2166
620969
977806
46515
400325
790987
99756
733674
992816
633574
670898
939990
248780
176062
414358
308668
60183
253665
489206
475122
167583
122801
985759
694066
785150
470911
254694
253664
865610
609247
1211
72700
400085
496953
815899
952054
487556
731949
98140
125470
5388
502727
107021
348436
414738
984735
190934
342857
815905
540779
814478
11763
908403
492078
775025
649744
718361
111208
600493
337690
998069
818224
544590
97751
866901
237499
488339
459498
438847
65399
950136
156407
914052
349922
716312
826314
374291
579116
988205
853406
72967
191980
326231
194036
908610
775500
434540
275009
412045
279698
724144
165887
494462
797118
877917
800076
853776
866529
935228
754559
881721
2549
967335
912735
275989
925146
320554
502076
518849
452987
997358
588441
509045
510930
636177
662993
741650
916413
619304
244343
805858
502666
13286
516127
65059
716119
105331
279578
429440
737504
250712
379564
930114
232875
626647
495053
300608
31069
187668
565200
720226
177363
373205
218238
73447
828330
289987
508917
808700
687650
540153
101216
691950
391775
851602
504137
71469
410377
701535
671866
220111
380680
345426
75455
851291
443422
146563
979525
756446
663703
927333
994855
14568
425123
441036
336829
893696
822474
695900
440378
132787
591582
422303
987139
162238
211497
37372
365755
306662
77071
445210
198509
26038
865133
738476
941652
258463
407239
484140
280951
353231
370497
792078
599046
329591
107469
521033
550745
210360
236067
751316
228961
670821
147058
70298
75620
952275
861427
228002
145208
879134
954977
791680
193274
840946
209155
580673
654969
450916
175067
431172
848508
492329
120992
76528
686367
685315
317441
231276
352928
283310
164124
27668
269049
682114
964165
638412
354019
169416
786771
604529
652671
47765
847043
789741
569005
869026
302256
82159
469743
196857
357346
838846
432940
969573
847720
525150
456005
60100
649018
665328
597051
995360
566429
462693
394593
28013
415977
416879
928655
892948
853495
79236
450892
636709
452509
501837
866699
317080
765618
984468
753003
943025
82482
123862
799772
946721
686613
730192
703900
591153
147357
847966
572334
856004
499485
110046
156009
869160
387196
594891
630442
958500
586417
264335
135507
228063
782576
863809
111494
311402
711801
125460
593746
994311
725350
705480
558582
664481
885832
391408
424557
668688
253122
133093
361902
557685
371099
211414
94060
399951
780057
465962
722819
385183
910059
327876
421847
624423
363317
601452
876615
767083
690228
58285
925063
529934
298522
961089
747669
549093
754282
952779
560842
361484
968039
854380
522843
916562
62970
59410
962253
414767
948862
970613
48744
763392
989303
793976
103092
292754
505607
131092
884499
574051
289200
907808
627376
163184
296175
576960
945106
454874
513704
212535
320104
212983
634537
456589
739947
512892
929364
146067
55397
549576
868897
566172
62489
263961
458229
420356
49086
474535
597379
942686
38272
195881
467118
578711
174128
1632
454817
940253
783098
914107
420159
211935
569641
881812
847284
898375
705227
161013
655870
707536
897526
511190
46747
714887
18042
164883
900243
160560
15688
170573
634711
348636
32646
276046
523962
595037
130647
875981
920585
111985
816491
994778
543535
541072
18578
642709
239664
552654
530948
676468
72586
508304
148331
606862
80090
590059
949214
536569
350287
779165
858769
81202
352156
561145
949777
690420
646238
804357
471725
494781
582608
862844
131289
608539
576574
317411
199044
47719
890167
655677
70103
818494
772766
126314
94914
646587
834853
634291
161326
683574
872826
540898
612367
297021
372568
793335
655866
817047
355738
22601
905630
572818
179385
460730
978061
390456
377075
477485
750683
699086
1443
276034
235980
27238
841083
294090
299605
437735
36338
320818
434346
446007
714251
819403
130639
464894
124389
650923
164893
926446
676139
124703
604683
378183
25776
581081
578216
114782
244873
721911
719405
760839
767020
393353
183160
795102
532562
755500
907627
178864
855725
308141
486207
880940
709391
599956
902619
515602
867037
593779
229869
381135
931574
38152
205007
672838
374303
301259
225662
469077
339502
622859
151659
620522
506667
424179
17847
567296
781025
13467
759664
271089
733638
837502
502995
923070
795596
628734
202142
933797
411715
195096
956927
314043
783145
637224
516328
279415
408014
554898
889227
785656
850528
614766
642348
39735
504960
390408
468701
985845
238486
76162
192190
223689
932504
127413
956524
369058
767898
315111
306086
296713
155100
128397
561111
972856
256243
500327
998507
385310
397425
380750
194256
755301
345740
77406
584973
994016
765988
977154
404217
908095
351265
637294
330536
477899
390048
674678
562773
373116
246745
608244
395398
229854
12705
252943
257848
521206
540226
385710
870196
29108
558135
274899
549127
346777
818614
230433
465668
678546
691856
584413
858663
925960
676014
994380
773388
330321
688832
666349
306552
950639
251023
795325
932671
775626
37335
987748
969507
907115
661928
321657
462571
294641
556234
841878
833008
759007
181500
36050
381089
122372
785126
622278
583934
361928
450822
117424
13233
277055
805554
933434
868459
49469
877296
275473
835193
132743
947537
165502
229679
994576
952127
582939
941200
564285
6598
403017
755714
770076
736165
143163
490741
502196
920392
907523
904844
692685
760760
42656
107645
43850
960010
785895
778502
20092
335129
142494
936164
880041
895079
662872
707223
834871
732837
612264
104537
164038
397820
142808
587279
87366
814141
53487
984486
419257
678800
12395
772333
178701
91648
418521
693064
241660
647036
590745
541739
304026
251673
730192
629011
480884
511754
418367
269665
494036
627338
396382
497084
143338
391329
719547
662965
864006
691230
787460
787219
176005
957884
311414
899552
553691
247473
278942
477801
429157
997806
431965
272864
255222
784343
954639
999500
857842
562528
866143
846917
713708
104532
606644
889030
654392
962412
731489
840312
291728
525845
611227
782449
238038
871665
383383
554718
537931
65948
275087
267367
516695
285279
473167
601163
133241
911079
42147
455350
967695
450737
122705
637598
507237
171562
300364
299998
225248
929806
481108
717244
809596
938341
946277
590992
600602
386234
813435
482149
296725
696219
97830
894413
385595
811206
541983
271886
719726
593074
726098
642866
220944
392672
693754
681018
117285
129533
745341
539148
255769
717597
85913
647317
300034
351935
131650
190165
289754
802758
660491
794785
6517
212684
535993
888899
896
359950
647749
112958
277667
156546
600909
7964
230468
740877
329744
331812
708929
196216
474950
14190
529681
87772
560084
724432
93115
585108
181283
36721
908734
375598
433352
813157
476582
975769
343084
216226
201704
697718
742598
867884
565178
642726
290149
679346
22634
906079
290838
565042
896471
769469
492280
242900
441580
401205
278637
637072
887042
214366
562421
567759
280520
888920
457895
309944
921859
353997
803880
705379
327615
53778
307699
50643
664407
695246
644574
907232
107515
719584
594927
533879
565630
883779
999184
345239
572858
869529
662394
956077
783896
170740
763378
263914
843645
316482
795958
574317
898691
860661
587139
555772
506241
756243
32272
68326
232091
24158
576567
229909
329304
918700
747170
624146
697239
747080
707853
864070
397379
549412
978507
651701
553238
440421
260326
614212
95252
537812
80135
999259
901428
291385
517930
292166
875846
542902
485583
519793
941823
679550
486078
854255
469561
298215
129946
326996
813867
715417
981795
762153
761066
369037
504695
583712
266827
907974
241378
626114
70554
23808
444797
667467
339459
220622
775416
690485
653953
154757
602352
864464
127855
564756
515174
707133
711958
757322
210389
562086
614429
211708
107650
516007
477284
125328
86860
665447
146399
328823
145851
64909
607925
283105
844204
153898
501581
699083
556724
623657
105122
553121
613930
357899
746594
77531
372293
407285
407555
477404
443055
478433
687140
949166
829123
805969
54367
120009
716326
423213
696749
697935
822736
230957
146113
486185
636578
456339
161422
500347
608543
970520
781803
96084
371148
190822
569747
663279
164700
635822
885359
893920
689377
214039
331496
193567
226483
499485
455487
964066
992385
456854
942094
446003
504899
943540
180791
894803
839670
140016
231206
291640
895377
202025
502016
116569
740718
104832
577260
580076
453335
188097
860767
859186
279069
742661
593169
464644
275734
206981
580687
188133
343920
590224
963550
870518
679150
822870
754597
794421
613281
295141
307086
907465
292292
984769
51909
707725
35939
14156
855598
14935
41601
409762
675060
797586
48408
845149
484136
974475
791229
954706
707495
886555
742588
2635
153967
956580
629472
245628
503257
251938
126360
258140
332070
684280
723668
546002
552242
712162
118315
624359
691469
639737
297540
133355
577028
473591
399991
867506
321148
77360
560056
426454
336240
646566
855604
779918
98533
306595
263000
755652
802849
573787
330484
215847
75814
381388
621792
428524
44533
92005
600810
779923
81295
906745
576117
373320
479545
341152
550007
36658
852145
83100
762697
535358
588138
532172
388407
358668
443401
685256
276415
322342
180205
655067
804050
222582
170980
518768
713272
687101
774548
781470
880255
845610
570187
376405
481999
910739
133642
436416
55056
222988
895145
959335
859635
712890
353268
907412
661539
252552
519479
471286
378126
355023
747143
328261
837821
162139
626182
823025
195482
315104
239079
20388
968032
397714
17504
123081
335472
864881
290680
913519
783134
363896
99490
416115
202807
585625
720181
392626
189768
762919
338892
805728
876678
128874
997411
56289
770557
704384
88077
977167
388837
173056
3341
300921
52524
830921
99933
792292
907414
396925
942609
620249
78924
986867
493788
911201
819539
799288
841385
950889
200205
251718
833558
368713
347663
763528
70984
636827
879251
180093
516246
328617
392112
439909
219930
252091
931767
450115
412393
512741
510668
491109
507892
592988
45179
178903
183941
904261
969296
128343
637397
809845
569582
913818
621582
868928
963726
265913
193363
591282
146861
594014
864112
758973
56954
636827
392383
897218
829795
611991
16786
738223
833605
41274
374496
501801
958645
486895
851599
528624
533602
418915
147905
614024
172350
868495
603577
830883
301791
938851
947491
116691
93319
791816
204817
476043
724929
824229
295981
327838
71029
521073
297693
12728
553405
103659
636528
234896
36526
481400
632595
23064
334488
857316
843929
759705
383351
57732
542755
691083
658372
841488
911208
811061
365304
181282
66572
893823
546333
265432
909567
886338
105901
119735
85199
429702
948878
11811
622252
382262
321977
370831
631316
745551
338253
703907
456323
585494
711192
418941
188205
824505
170549
971471
538384
79623
61054
69430
332290
522121
837165
659805
217477
836288
459793
931363
713063
770127
580080
430930
711432
695493
365226
640901
311771
747669
756172
135992
335478
524979
482669
858432
679358
958667
495883
922707
319464
879485
484580
214525
861324
213462
20315
103978
789031
941938
662431
684739
31569
240477
174933
573988
107685
391544
388543
715936
278066
729742
44018
289390
835703
548465
957436
735265
873543
27177
45420
810843
119613
352967
450574
51862
429058
888578
609869
100441
478895
695550
410014
948236
337473
554644
891402
814643
979406
363500
729328
685027
156517
812845
223565
201846
446257
40941
898377
298948
565954
117626
61515
392033
151161
388313
125365
237143
64772
456603
730193
626997
928723
115266
307226
616060
286474
45961
846115
952718
520374
362426
266316
353524
804975
716771
341915
452202
306761
606674
453996
488678
143482
436528
869678
138789
374385
368589
861368
719184
73192
1845
11117
283799
777178
233253
517893
910434
425474
842715
740784
349574
921964
119099
175221
118425
131287
813194
49625
471348
540833
563594
49227
217312
242536
943686
735426
755740
447211
614164
182694
216203
52205
678585
762143
872349
190178
932565
617184
767737
172453
780891
579707
333493
955789
87182
896654
599037
762966
671626
139937
38516
914023
805316
129217
103317
68084
368377
275370
758275
364233
626335
125943
479724
901638
376260
268209
459242
226008
860741
540561
418263
290445
943173
702133
917730
448128
460068
207586
298615
625129
785402
914312
763176
885172
26803
747791
862993
837887
493151
17573
99465
556045
954083
301677
690445
823003
487564
385635
647057
564844
810713
588919
340828
635201
559184
739949
631795
767487
194770
31532
459861
691798
917600
835705
210750
455063
845230
287609
74662
492579
580258
621140
406941
944027
305202
950540
13910
20670
308280
158596
983634
306016
496756
728461
425070
952266
980198
398444
573436
577551
582967
160098
687998
433921
830852
703397
517935
539000
801955
891835
229544
940934
35546
269044
364914
550157
344711
28140
912865
653399
604648
278504
883822
596410
69902
98511
513996
726105
731257
951717
36220
40196
588398
214153
936825
570702
221668
322779
822748
620190
126025
138020
906907
245104
306945
186868
93121
221239
48959
457819
412199
132078
833410
646728
315243
519155
281320
261254
520478
825700
476318
932507
724262
296582
479259
233209
637234
84843
277538
950488
173797
914489
587700
474379
34456
406417
806254
877601
825142
797537
892246
855907
671372
160412
700698
698979
936601
283652
123556
61092
996271
681310
508952
327612
67605
931450
762297
605963
213219
827325
900266
138299
710451
724759
435240
653387
53521
611072
227121
598961
433436
349016
84611
2642
682575
154996
925185
953715
412671
662172
146349
358205
871033
392567
690215
837462
527092
279422
569761
775375
420080
963526
987986
281506
894488
962339
737216
950094
514382
857594
214028
145791
239240
894261
716116
383754
174896
185962
696728
738796
87119
332706
837393
152929
536288
82063
889859
991624
461658
935372
734500
120362
317228
790569
811406
175235
983388
454866
420531
42835
265911
360590
275569
425681
669620
757616
208933
754500
35037
481391
603500
931799
246611
654705
645477
661362
501868
108717
460368
749739
527708
125550
215189
492149
942895
712106
677036
819491
106407
140001
102176
358344
347399
458187
105514
884962
767943
953258
531664
892947
654483
159339
191090
276791
380397
139396
940747
498892
528690
242942
42773
222990
729592
914574
798071
803749
540901
961434
726733
932730
454012
645566
598805
898984
537129
330102
966319
927985
274288
628168
544732
203555
143216
743629
728859
728510
722976
622489
34331
179300
343906
676713
237878
205306
382576
858417
547471
722069
893866
225784
570329
803895
881700
500423
569797
227938
537108
487627
777137
82454
432208
828345
734912
234775
66128
298777
493460
109887
277845
384685
244910
134332
361733
768679
642229
49641
344040
493628
194404
408625
419785
485254
1709
149315
217986
999641
494872
793653
615038
782671
263673
507498
579960
445845
812522
113987
502021
226949
511350
400933
735983
533798
580451
778036
959995
377585
219709
889107
601852
524847
227661
897813
112787
281609
887449
735977
286806
44700
381064
701006
381147
105221
271020
708874
374212
703566
551543
941505
836842
423320
553240
795171
948554
298720
440466
178456
777525
614165
833010
513259
40670
397885
80754
427234
97626
509557
873598
736788
461219
513150
342432
608582
664425
630951
704685
262869
310459
625572
974785
234328
756934
305952
529667
902429
377056
947519
452541
528702
953822
922678
177869
40368
526054
801148
507734
392088
291394
442057
225612
660994
739319
617287
414511
183832
712529
674146
699041
184424
538775
359591
621498
727595
523417
242
226533
744729
645895
508959
52794
483426
542273
141049
260212
116332
411613
543989
682476
27759
629878
621201
485537
599775
289997
115725
863135
878454
98839
864098
352423
746743
548866
121064
385252
378531
563317
848835
321864
196069
185227
667342
620346
70742
791915
231011
793177
610284
119773
164993
900792
139071
478060
989277
40839
837398
382672
875040
849581
427474
666301
327350
152472
967999
752728
13349
786828
725318
155257
123389
195810
677622
744424
456296
304093
751449
647311
193281
538459
150151
588117
489061
163175
824959
480289
416700
161934
792457
673304
545116
73998
893195
27431
816526
703900
617879
465708
873956
108189
74162
549593
145935
638165
950004
53708
546128
570459
490125
90563
323509
377933
220827
940671
802714
117170
669515
935636
990240
241770
206777
537405
503796
930905
325725
298214
523358
232133
642221
940088
866033
868106
627553
440365
830928
860102
553224
550524
871660
627181
764639
303365
892204
639917
716360
895098
1688
739667
693836
450305
941722
624938
43253
965861
938587
712069
647581
82259
102003
566079
575736
598261
23313
195095
798033
292273
675555
545478
58097
528838
749738
951720
857222
546763
597717
135773
820731
198181
360646
780725
209743
253078
212387
603128
827108
996499
403840
279610
802600
166947
334285
458431
172379
184313
906813
73592
191927
724926
238469
223159
52414
864450
566245
738313
708435
115694
211516
149710
711961
532111
394847
457358
779666
832918
548883
749428
805587
880275
87246
48098
397243
83677
413661
733487
148435
501452
327967
288959
3741
389602
804449
34875
371827
161895
913505
397471
759109
954622
348196
150823
747294
526383
551569
405834
298674
542330
968387
313999
391157
457416
197788
920650
888025
847099
710804
264099
881416
903303
882443
424011
234790
634797
547942
531028
612502
641491
771272
937176
116179
797689
812373
630312
379123
95173
356616
412313
937832
961011
336846
89096
50941
470447
462424
53388
272285
447372
786171
415980
227443
905590
272806
460014
668762
393623
304309
756062
848864
669040
678194
306589
210398
230784
171453
764993
265043
802033
97079
609897
962612
748451
485881
970926
669301
237063
727835
539768
271247
91910
744244
385487
424833
612137
989210
396712
498262
516809
771431
758315
756197
483353
774816
904574
173670
460034
486722
442693
546618
143219
32082
199036
651403
173325
541152
741030
65557
302043
997526
695034
36125
76839
948398
261705
217954
709507
139462
395196
639294
382951
74293
754245
534186
559928
969857
661321
663283
243204
481759
931019
689279
164537
387195
829326
751196
897981
444362
894625
223985
543659
144988
125487
742103
515925
471383
211888
59271
221407
711462
262017
90129
971981
804847
515510
233336
840402
43830
491404
185630
544172
58335
694913
434599
211035
433693
494614
114718
469825
282923
256186
183621
629591
520689
428094
352627
667890
711680
212090
572862
619876
890386
608448
563333
348218
327457
463388
246335
661706
82703
115966
48590
22350
803496
184875
962423
651577
279820
160995
889731
735857
722118
267129
274260
488210
354785
29425
327248
892085
991994
317910
993962
237114
538828
92393
795216
201466
293218
484868
538220
339901
448136
182834
271296
519501
107959
25472
736665
432861
406031
779213
431573
28878
658901
30436
447385
88543
527675
575913
209954
363986
906585
456048
401285
561095
744871
73337
492415
285597
301532
188244
287330
173526
110252
961843
619279
982977
122390
644600
849842
530126
270683
13840
487476
531240
702888
380058
907948
921177
335689
684796
414667
429202
399365
769170
938677
239731
359814
370967
49052
859965
800112
730941
952414
140020
403376
414006
943872
672657
75546
597527
922357
500442
974589
154698
343478
831810
82038
924822
278777
673091
43905
652660
300744
836796
529488
77501
160139
336287
440042
163081
533867
428430
125338
697618
689362
400332
770344
934473
134699
244769
141060
981628
225532
795204
117114
539508
926289
620126
24306
272773
750671
726615
796184
933064
397826
678238
20914
377916
872392
75158
303014
321052
18649
560234
647646
260629
524490
490171
767376
704514
970466
327194
53389
816871
649046
722815
350084
127359
668426
111506
517924
642947
866912
794813
30199
458171
400009
718658
906897
34149
432234
129069
989705
289944
268636
138881
151891
327800
801532
850658
766781
593866
287751
435807
490319
254117
529119
394172
840860
804837
784224
319433
225729
886567
263005
959036
369885
979722
429968
46094
79487
757974
656575
269936
87764
747649
844097
77443
400776
739585
29644
79509
765000
663349
793887
290190
652815
73350
379152
187103
870443
277436
143433
604247
584391
611663
536357
149101
493101
516315
886471
373799
9037
477411
169424
366747
14848
151253
395977
481077
697765
205985
336441
583899
997491
702507
12565
123057
397662
531735
194472
635966
352611
990215
81552
143851
816409
468873
919741
901095
933179
308817
236433
186284
620230
22906
389757
516109
597600
560503
236238
276658
704763
37449
34619
869737
55896
124434
924215
265274
853811
622907
175811
125259
153524
15216
605935
664131
90721
282167
251747
409361
651793
356919
356008
169155
293345
895006
206996
489313
533278
389498
716847
549825
249897
379236
87713
462574
646400
22688
63800
349269
178039
979212
215538
576647
231852
124592
83442
459580
787087
909604
566572
180634
443318
424290
708079
742094
402364
279101
193095
722156
528005
980423
367323
360140
470573
86505
14050
105483
669703
552531
629042
19392
948058
841764
750380
448560
786896
413341
562170
798895
193897
151194
677517
957678
860758
609247
131144
458345
605662
407064
359086
431744
324901
397667
370795
167983
881584
741303
954157
331340
243983
438133
81150
293452
335061
129373
847853
542925
977023
269463
698775
272932
989256
729206
300435
79358
294951
210467
930227
987529
362843
828252
965242
302210
384206
131438
465877
970247
288939
594205
399453
642377
815568
156198
156750
732101
26771
88741
306274
362481
571299
126012
846668
887876
572846
163800
979707
569203
840615
308140
370
588332
24337
200876
863369
630831
230173
903365
933320
441185
35693
222515
661282
744105
184045
750060
810953
5284
135277
924882
488699
946793
962559
208562
711212
552780
873809
160269
712686
365548
681335
514282
61339
218686
778805
207900
169892
862378
999949
80708
250389
262187
62183
474373
750855
20451
768912
235579
955160
190955
954526
226401
529901
280155
340056
184229
39916
504220
178909
229746
863711
616281
361689
122384
759761
541162
891866
959212
844979
446849
81834
276368
192849
479083
806121
704462
792307
936646
70340
11153
582751
765738
557041
596311
228491
25442
372023
259428
323502
658145
83830
141204
668261
282460
602335
742626
318369
68324
748662
461338
936362
435571
588592
148353
778399
22104
268712
997170
845565
321612
31263
91936
151422
495381
216621
824480
938886
87536
766258
196843
944556
907867
804015
615553
55868
366135
258461
648795
734935
85105
825212
814212
158
305337
702534
923223
229766
769608
374736
855971
615286
83642
952112
21854
688850
721758
853469
485406
950248
103698
990392
289152
95382
736307
609409
430299
438753
152944
758004
81893
783596
690343
889065
806842
831540
697363
659741
608926
943964
20703
756305
304824
166442
2112
527286
198132
572534
539607
826757
867235
708299
637735
481958
103714
958377
276280
605546
326669
707802
193072
952454
93285
236970
974844
633686
879448
77416
432534
199040
161259
657633
89877
889309
177765
825930
951902
409118
227871
649114
274870
924597
336074
69508
260651
176045
141156
417746
846371
239585
12052
690938
499636
207853
848331
386661
853090
568946
382416
982748
151691
342417
773844
954235
549393
877029
906796
554592
658870
118133
244842
855538
113209
167820
474003
958955
808253
774010
468480
411162
236636
590639
493237
423871
701603
260151
553353
848876
13828
835953
929106
752212
486700
468868
558034
524750
576621
996905
534184
641467
123576
716288
205842
946675
704924
620586
412186
117716
453205
188080
358584
694976
137665
898762
98207
751983
348920
125999
619420
255856
724881
141707
346251
85079
923374
956874
617378
258584
518818
70037
322124
164501
43466
457242
335600
446427
106630
234009
528380
831067
764862
332799
788695
507314
73929
40772
823852
652059
128213
289240
387740
482963
536264
128438
293503
875302
237528
451383
844436
656383
867832
623051
780265
196358
315249
577919
583801
256025
547347
454483
637275
386549
529616
732221
384258
131472
488574
172496
945431
478796
304611
721195
487034
31455
130989
876170
23580
760250
65285
544967
964236
648108
793610
298242
966472
494996
209858
167933
717638
12717
602842
259113
126335
927593
62693
714560
236943
742768
346296
932725
603784
280334
678450
859778
425918
805692
415224
395060
759692
922999
652364
472544
475385
209621
427683
952273
751483
990256
154241
880007
364849
109132
338162
849109
207144
510031
845825
849389
784192
972786
418498
181178
155308
947837
6163
899110
464437
70698
349908
849427
243569
370590
918319
656200
187542
909743
128544
876418
472836
640514
980269
826705
19866
121293
796760
654457
61271
608082
366146
22760
410435
997787
924841
748064
24491
712685
85951
339666
724470
437656
694644
730931
18258
662650
534757
99054
672037
922094
359525
105910
782828
742209
424554
40361
309600
330677
71475
542093
876940
74976
604269
618870
192214
312096
771926
12616
416278
269474
646301
764275
860935
474480
224212
729906
706089
66132
27178
997614
761151
321751
212153
624579
273018
377166
245110
320063
745760
859647
910902
661929
189676
299936
951073
174585
888933
645398
986249
873564
461120
12556
275707
417610
904698
680029
927013
508740
730378
770203
745550
830089
411463
340557
446769
182588
511936
708033
197390
378443
178920
539773
329044
490654
745956
545316
922461
551384
716648
780349
994028
483326
844299
162888
149336
126464
55588
589946
169914
108639
22511
635340
287441
227791
837611
494802
981696
329826
31048
316526
501244
832566
913428
840678
746816
217059
494633
910884
878275
111542
682140
525880
44458
516066
226606
871442
881519
405246
829136
373242
946937
716844
545785
31528
70129
198125
729909
292656
126717
146454
998887
369370
226512
538314
465124
448534
190767
566160
127897
233477
712911
619280
259332
586086
288380
629800
412070
297032
613763
514930
292327
669003
330880
586552
489463
536873
931466
440642
160243
35947
10131
90354
31156
714070
757826
723570
864422
216592
794125
558414
971327
625421
479699
259812
31615
729601
597718
799537
467122
456256
563277
873784
485753
53632
993213
59085
291051
657781
282380
628084
390594
844055
808086
376906
880856
753353
239037
37321
812201
745061
713286
812092
990243
430649
883728
824122
634715
817074
620474
668010
584290
311661
178218
172199
756256
137706
399662
173853
983606
976355
505629
282686
326727
811017
102691
311172
830627
19433
922142
157832
320114
13421
908482
17772
901182
453943
832066
660781
90867
820187
704063
30745
980801
252416
627533
97675
143796
675352
159912
366879
215801
101083
473632
618210
473065
614267
631682
771940
845414
752571
955696
157400
482262
995584
814346
875694
857991
850524
60784
875817
806103
364025
182612
416289
110893
467622
197534
249961
803744
292748
77121
400810
606226
200326
468452
751097
346197
707559
165230
873826
429725
723388
796675
125930
676651
936615
394551
61936
658749
763732
443235
475389
54453
49807
956037
894150
392682
209533
271501
74622
574392
153278
878479
874061
65431
212469
634989
960421
633471
207934
484971
834178
927634
99785
213223
486664
287398
205350
305279
140342
125247
305171
538504
836080
776600
765771
483168
196251
210293
539647
866797
945680
369587
732104
551933
648761
865969
848919
483147
689512
490357
706629
601498
324062
277413
732191
781487
719192
428108
664767
705970
55771
214324
30428
671631
949048
42827
759390
199094
865780
264147
956799
296116
544788
350029
882814
376402
960684
883757
548537
313747
462379
859751
347505
303445
962667
733665
17259
737424
624813
826985
558223
908903
510346
238657
309112
294682
246610
501694
768790
392604
432824
303141
279260
101003
156731
685075
272649
771549
74881
545278
252069
2790
893179
568895
270414
718087
216471
67891
822095
201785
632279
33599
685460
569613
288396
539439
615622
115236
992347
382581
408924
587618
971923
679658
854410
957417
383151
104117
120030
380690
802249
462691
424251
645023
660109
63844
999654
69514
264647
695957
282856
81441
569061
815130
722354
15661
648928
66904
772292
546409
204477
386916
853727
78624
61699
371827
848043
948763
124303
673910
916789
266568
121782
877390
222000
92135
532894
791128
680118
449125
106764
339486
886677
686061
806348
755947
700479
894040
747789
26505
290424
215688
558706
479204
118336
201678
159107
744314
761625
648686
531356
32752
360307
572747
210134
59872
113490
42899
705036
947273
947599
519089
409782
218545
586465
955740
697686
937576
593243
246463
268995
561834
349380
449795
236383
871521
380131
961348
190424
323031
281940
514492
609617
399413
754367
317104
105710
607133
498302
814437
972464
7710
332368
69367
131188
642177
120463
580622
875860
24051
740553
228717
627293
668809
988131
392759
682473
6171
646601
983189
351165
264937
734701
71
567845
580038
874381
582196
91457
810984
884392
382535
938473
530760
666250
88419
11311
824963
213805
317461
206005
201927
673852
144491
577598
723814
236717
384176
930632
540972
713125
436421
659315
928542
299795
771921
695949
92433
8396
318103
602376
296105
589329
949312
483005
566599
806984
173373
461617
21001
372510
787823
438296
681560
508579
953193
186774
642393
840892
4875
524174
464881
70337
430417
792561
57090
637854
434781
480537
171604
209427
181929
735188
772054
707421
73286
217241
726538
814141
228843
542794
248651
107608
794072
897973
592959
71199
596912
21268
63175
548405
786475
568129
985483
865424
860383
523331
812562
894149
696545
147150
546920
817619
413490
185216
244475
928428
246358
988308
848287
654159
827184
169986
792475
649255
307692
207725
427813
442673
132876
895678
215978
36204
3075
186999
36688
444830
400720
676807
732133
947756
769997
813812
526443
478432
782419
496986
138753
227188
410552
90235
367397
602391
817396
734692
107362
352260
600615
276483
858582
724145
370482
874151
933770
628070
323333
204562
56338
241966
179500
937818
379069
13100
958293
200491
524289
159595
336601
91833
805917
470899
716986
938627
719357
421022
415915
487695
396955
559229
488371
593414
515739
340191
261090
829771
497511
681301
55667
297717
776148
123889
952760
152605
774879
131243
95232
41270
927820
986188
575869
668097
856958
14173
873174
42230
11822
470735
848447
105370
19033
335693
305428
480588
402382
983981
853779
975178
931549
333572
726726
930139
629544
754667
357000
524180
146036
385964
829519
618791
125699
471489
557243
624988
796500
824530
947076
994939
390647
124330
597055
278331
810342
631731
374729
924131
690046
596179
263987
247390
100060
417740
161125
342557
796050
40107
849787
797124
844821
905205
483414
431419
331706
14786
542861
601655
118430
63144
649034
612906
597848
275922
935038
801513
494734
824373
830325
534936
907661
786591
872051
79582
728562
97318
200277
43752
768491
774996
850533
459432
950939
462217
714241
124362
369809
100005
206831
918929
521521
538395
501793
619680
725697
938252
91793
499812
842514
247336
369216
106742
885149
544360
900190
97905
927471
954374
354951
805254
463968
757557
195225
458307
788821
5676
645417
163484
548719
173105
526960
163448
798023
489340
229721
366812
161311
439359
224657
165245
103746
893278
586963
49995
938114
700550
851586
953765
236502
129504
986161
884203
857896
452187
21589
519209
430619
791475
522340
776617
141190
584582
13419
11516
824311
487180
604147
556330
675611
107107
601133
150154
561055
932724
409374
699300
60816
802706
520685
566949
264100
486914
415470
706375
760023
461740
723879
412465
296000
92446
76055
730958
269300
586471
892674
61961
327467
219993
660113
844575
200241
241303
36385
997634
231864
402496
514883
176434
184042
777585
787744
344562
759690
650516
646957
936347
113845
112957
153632
364928
16507
50408
294948