lineNo. #1 #3 #5 #7 #10 #50 #100 
0 1 1 1 1 1 1 1 
1 1 1 1 1 1 1 1 
2 1 1 1 1 1 1 1 
3 0 0 0 0 0 0 0 
4 0 1 1 1 1 1 1 
5 0 0 0 0 0 0 0 
6 0 0 0 0 0 0 0 
7 1 1 1 1 1 1 1 
8 0 0 0 0 0 0 0 
9 0 0 0 0 0 0 0 
10 0 0 0 0 0 0 0 
11 0 0 0 0 0 0 0 
12 0 0 0 0 0 0 0 
13 0 0 0 0 0 0 0 
14 0 0 0 0 0 0 0 
15 1 1 1 1 1 1 1 
16 1 1 1 1 1 1 1 
17 1 1 1 1 1 1 1 
18 1 1 1 1 1 1 1 
19 1 1 1 1 1 1 1 
20 1 1 1 1 1 1 1 
21 1 1 1 1 1 1 1 
22 1 1 1 1 1 1 1 
23 1 1 1 1 1 1 1 
24 0 0 0 0 0 0 0 
25 0 0 0 0 0 0 0 
26 1 1 1 1 1 1 1 
27 1 1 1 1 1 1 1 
28 0 0 0 0 0 0 0 
29 0 0 0 0 0 0 0 
30 0 0 0 0 0 0 0 
31 1 1 1 1 1 1 1 
32 1 1 1 1 1 1 1 
33 1 1 1 1 1 1 1 
34 0 0 0 0 0 0 0 
35 0 0 0 0 0 0 0 
36 1 1 1 1 1 1 1 
37 1 1 1 1 1 1 1 
38 1 1 1 1 1 1 1 
39 1 1 1 1 1 1 1 
40 0 0 0 0 0 0 0 
41 1 1 1 1 1 1 1 
42 0 0 0 0 0 0 0 
43 0 0 0 0 0 0 0 
44 0 0 0 0 0 0 0 
45 0 0 0 0 0 0 0 
46 0 0 0 0 0 0 0 
47 1 1 1 1 1 1 1 
48 1 1 1 1 1 1 1 
49 1 1 1 1 1 1 1 
50 1 1 1 1 1 1 1 
51 0 0 0 0 0 0 0 
52 0 0 0 0 0 0 0 
53 0 0 0 0 0 0 0 
54 0 0 0 0 0 0 0 
55 0 0 0 0 0 0 0 
56 0 0 0 0 0 0 0 
57 0 0 0 0 0 0 0 
58 0 0 0 0 0 0 0 
59 0 0 0 0 0 0 0 
60 0 0 0 0 0 0 0 
61 1 1 1 1 1 1 1 
62 0 0 0 0 0 0 0 
63 0 0 0 0 0 0 0 
64 0 0 0 0 0 0 0 
65 0 0 0 0 0 0 0 
66 0 0 0 0 0 0 0 
67 0 0 0 0 0 0 0 
68 1 1 1 1 1 1 1 
69 0 0 0 0 0 0 0 
70 0 0 0 0 0 0 0 
71 1 1 1 1 1 1 1 
72 1 1 1 1 1 1 1 
73 0 0 0 0 0 0 0 
74 0 0 0 0 0 0 0 
75 0 0 0 0 0 0 0 
76 1 1 1 1 1 1 1 
77 0 0 0 0 0 0 0 
78 1 1 1 1 1 1 1 
79 1 1 1 1 1 1 1 
80 0 0 0 0 0 0 0 
81 1 1 1 1 1 1 1 
82 1 1 1 1 1 1 1 
83 1 1 1 1 1 1 1 
84 0 0 0 0 0 0 0 
85 0 0 0 0 0 0 0 
86 1 1 1 1 1 1 1 
87 0 0 0 0 0 0 0 
88 0 1 1 1 1 1 1 
89 1 1 1 1 1 1 1 
90 0 0 0 0 0 0 0 
91 1 1 1 1 1 1 1 
92 1 1 1 1 1 1 1 
93 0 0 0 0 0 0 0 
94 0 0 0 0 0 0 0 
95 1 1 1 1 1 1 1 
96 1 1 1 1 1 1 1 
97 1 1 1 1 1 1 1 
98 0 0 0 0 0 0 0 
99 0 0 0 0 0 0 0 
100 0 0 0 0 0 0 0 
101 0 0 0 0 0 0 0 
102 0 0 0 0 0 0 0 
103 1 1 1 1 1 1 1 
104 0 0 0 0 0 0 0 
105 1 1 1 1 1 1 1 
106 1 1 1 1 1 1 1 
107 0 0 0 0 0 0 0 
108 1 1 1 1 1 1 1 
109 0 0 0 0 0 0 0 
110 1 1 1 1 1 1 1 
111 1 1 1 1 1 1 1 
112 0 0 0 0 0 0 0 
113 1 1 1 1 1 1 1 
114 1 1 1 1 1 1 1 
115 1 1 1 1 1 1 1 
116 1 1 1 1 1 1 1 
117 0 0 0 0 0 0 0 
118 1 1 1 1 1 1 1 
119 0 0 0 0 0 0 0 
120 0 0 0 0 0 0 0 
121 0 0 0 0 0 0 0 
122 0 0 0 0 0 0 0 
123 1 1 1 1 1 1 1 
124 0 0 0 0 0 0 0 
125 0 0 0 0 0 0 0 
126 0 0 0 0 0 0 0 
127 1 1 1 1 1 1 1 
128 0 0 0 0 0 0 0 
129 0 0 0 0 0 0 0 
130 1 1 1 1 1 1 1 
131 0 0 0 0 0 0 0 
132 1 1 1 1 1 1 1 
133 1 1 1 1 1 1 1 
134 1 1 1 1 1 1 1 
135 1 1 1 1 1 1 1 
136 1 1 1 1 1 1 1 
137 1 1 1 1 1 1 1 
138 1 1 1 1 1 1 1 
139 0 0 0 0 0 0 0 
140 0 0 0 0 0 0 0 
141 1 1 1 1 1 1 1 
142 1 1 1 1 1 1 1 
143 1 1 1 1 1 1 1 
144 1 1 1 1 1 1 1 
145 0 0 0 0 0 0 0 
146 0 0 0 0 0 0 0 
147 0 0 0 0 0 0 0 
148 0 0 0 0 0 0 0 
149 0 0 0 0 0 0 0 
150 1 1 1 1 1 1 1 
151 1 1 1 1 1 1 1 
152 0 0 0 0 0 0 0 
153 0 0 0 0 0 0 0 
154 0 0 0 0 0 0 0 
155 0 0 0 0 0 0 0 
156 0 0 0 0 0 0 0 
157 0 0 0 0 0 0 0 
158 0 0 0 0 0 0 0 
159 0 0 0 0 0 0 0 
160 0 0 0 0 0 0 0 
161 0 0 0 0 0 0 0 
162 0 0 0 0 0 0 0 
163 1 1 1 1 1 1 1 
164 0 1 1 1 1 1 1 
165 1 1 1 1 1 1 1 
166 1 1 1 1 1 1 1 
167 0 0 0 0 0 0 0 
168 1 1 1 1 1 1 1 
169 1 1 1 1 1 1 1 
170 0 0 0 0 0 0 0 
171 0 0 0 0 0 0 0 
172 1 1 1 1 1 1 1 
173 0 0 0 0 0 0 0 
174 0 0 0 0 0 0 0 
175 0 1 1 1 1 1 1 
176 0 0 0 0 0 0 0 
177 0 0 0 0 0 0 0 
178 1 1 1 1 1 1 1 
179 0 0 0 0 0 0 0 
180 1 1 1 1 1 1 1 
181 1 1 1 1 1 1 1 
182 1 1 1 1 1 1 1 
183 0 0 0 0 0 0 0 
184 1 1 1 1 1 1 1 
185 1 1 1 1 1 1 1 
186 1 1 1 1 1 1 1 
187 1 1 1 1 1 1 1 
188 0 1 1 1 1 1 1 
189 0 0 0 0 0 0 0 
190 1 1 1 1 1 1 1 
191 1 1 1 1 1 1 1 
192 0 0 0 0 0 0 0 
193 0 0 0 0 0 0 0 
194 1 1 1 1 1 1 1 
195 1 1 1 1 1 1 1 
196 1 1 1 1 1 1 1 
197 1 1 1 1 1 1 1 
198 1 1 1 1 1 1 1 
199 0 0 0 0 0 0 0 
200 0 0 0 0 0 0 0 
201 1 1 1 1 1 1 1 
202 0 0 0 0 0 0 0 
203 0 0 0 0 0 0 0 
204 1 1 1 1 1 1 1 
205 0 0 0 0 0 0 0 
206 1 1 1 1 1 1 1 
207 1 1 1 1 1 1 1 
208 1 1 1 1 1 1 1 
209 1 1 1 1 1 1 1 
210 1 1 1 1 1 1 1 
211 0 0 0 0 0 0 0 
212 0 0 0 0 0 0 0 
213 0 0 0 0 0 0 0 
214 0 0 0 0 0 0 0 
215 0 0 0 0 0 0 0 
216 1 1 1 1 1 1 1 
217 1 1 1 1 1 1 1 
218 1 1 1 1 1 1 1 
219 0 0 0 0 0 0 0 
220 1 1 1 1 1 1 1 
221 1 1 1 1 1 1 1 
222 1 1 1 1 1 1 1 
223 1 1 1 1 1 1 1 
224 1 1 1 1 1 1 1 
225 1 1 1 1 1 1 1 
226 0 0 0 0 0 0 0 
227 0 0 0 0 0 0 0 
228 0 0 0 0 0 0 0 
229 1 1 1 1 1 1 1 
230 1 1 1 1 1 1 1 
231 0 0 0 0 0 0 0 
232 0 0 0 0 0 0 0 
233 0 0 0 0 0 0 0 
234 0 0 0 0 0 0 0 
235 0 0 0 0 0 0 0 
236 0 0 0 0 0 0 0 
237 0 0 0 0 0 0 0 
238 0 0 0 0 0 0 0 
239 0 0 0 0 0 0 0 
240 0 0 0 0 0 0 0 
241 0 0 0 0 0 0 0 
242 0 0 0 0 0 0 0 
243 1 1 1 1 1 1 1 
244 0 0 0 0 0 0 0 
245 0 0 0 0 0 0 0 
246 0 0 0 0 0 0 0 
247 0 0 0 0 0 0 0 
248 0 0 0 0 0 0 0 
249 0 0 0 0 0 0 0 
250 0 0 0 0 0 0 0 
251 1 1 1 1 1 1 1 
252 0 0 0 0 0 0 0 
253 1 1 1 1 1 1 1 
254 0 0 0 0 0 0 0 
255 0 0 0 0 0 0 0 
256 1 1 1 1 1 1 1 
257 1 1 1 1 1 1 1 
258 1 1 1 1 1 1 1 
259 0 0 0 0 0 0 0 
260 0 0 0 0 0 0 0 
261 0 0 0 0 0 0 0 
262 1 1 1 1 1 1 1 
263 1 1 1 1 1 1 1 
264 1 1 1 1 1 1 1 
265 0 0 0 0 0 0 0 
266 0 0 0 0 0 0 0 
267 1 1 1 1 1 1 1 
268 0 0 0 0 0 0 0 
269 0 0 0 0 0 0 0 
270 1 1 1 1 1 1 1 
271 1 1 1 1 1 1 1 
272 0 0 0 0 0 0 0 
273 0 0 0 0 0 0 0 
274 0 0 0 0 0 0 0 
275 0 0 0 0 0 0 0 
276 1 1 1 1 1 1 1 
277 0 0 0 0 0 0 0 
278 1 1 1 1 1 1 1 
279 1 1 1 1 1 1 1 
280 0 0 0 0 0 0 0 
281 0 0 0 0 0 0 0 
282 0 0 0 0 0 0 0 
283 1 1 1 1 1 1 1 
284 0 0 0 0 0 0 0 
285 0 0 0 0 0 0 0 
286 1 1 1 1 1 1 1 
287 1 1 1 1 1 1 1 
288 1 1 1 1 1 1 1 
289 0 0 0 0 0 0 0 
290 0 0 0 0 0 0 0 
291 0 0 0 0 0 0 0 
292 0 0 0 0 0 0 0 
293 1 1 1 1 1 1 1 
294 0 0 0 0 0 0 0 
295 0 0 0 0 0 0 0 
296 0 0 0 0 0 0 0 
297 0 0 0 0 0 0 0 
298 0 0 0 0 0 0 0 
299 0 0 0 0 0 0 0 
300 0 0 0 0 0 0 0 
301 0 0 0 0 0 0 0 
302 1 1 1 1 1 1 1 
303 0 0 0 0 0 0 0 
304 0 0 0 0 0 0 0 
305 0 0 0 0 0 0 0 
306 0 0 0 0 0 0 0 
307 0 0 0 0 0 0 0 
308 0 0 0 0 0 0 0 
309 0 0 0 0 0 0 0 
310 0 0 0 0 0 0 0 
311 0 0 0 0 0 0 0 
312 0 0 0 0 0 0 0 
313 1 1 1 1 1 1 1 
314 0 0 0 0 0 0 0 
315 1 1 1 1 1 1 1 
316 1 1 1 1 1 1 1 
317 0 0 0 0 0 0 0 
318 0 0 0 0 0 0 0 
319 1 1 1 1 1 1 1 
320 0 0 0 0 0 0 0 
321 0 0 0 0 0 0 0 
322 0 0 0 0 0 0 0 
323 0 0 0 0 0 0 0 
324 0 0 0 0 0 0 0 
325 1 1 1 1 1 1 1 
326 0 0 0 0 0 0 0 
327 0 0 0 0 0 0 0 
328 1 1 1 1 1 1 1 
329 1 1 1 1 1 1 1 
330 0 0 0 0 0 0 0 
331 1 1 1 1 1 1 1 
332 0 0 0 0 0 0 0 
333 1 1 1 1 1 1 1 
334 1 1 1 1 1 1 1 
335 1 1 1 1 1 1 1 
336 0 0 0 0 0 0 0 
337 0 0 0 0 0 0 0 
338 1 1 1 1 1 1 1 
339 1 1 1 1 1 1 1 
340 1 1 1 1 1 1 1 
341 0 0 0 0 0 0 0 
342 1 1 1 1 1 1 1 
343 0 0 0 0 0 0 0 
344 0 0 0 0 0 0 0 
345 0 0 0 0 0 0 0 
346 0 0 0 0 0 0 0 
347 1 1 1 1 1 1 1 
348 0 0 0 0 0 0 0 
349 1 1 1 1 1 1 1 
350 0 0 0 0 0 0 0 
351 0 0 0 0 0 0 0 
352 1 1 1 1 1 1 1 
353 1 1 1 1 1 1 1 
354 0 0 0 0 0 0 0 
355 0 0 0 0 0 0 0 
356 0 0 0 0 0 0 0 
357 0 0 0 0 0 0 0 
358 0 0 0 0 0 0 0 
359 0 0 0 0 0 0 0 
360 1 1 1 1 1 1 1 
361 0 0 0 0 0 0 0 
362 1 1 1 1 1 1 1 
363 0 0 0 0 0 0 0 
364 0 0 0 0 0 0 0 
365 0 0 0 0 0 0 0 
366 0 0 0 0 0 0 0 
367 0 0 0 0 0 0 0 
368 0 0 0 0 0 0 0 
369 0 0 0 0 0 0 0 
370 0 0 0 0 0 0 0 
371 0 0 0 0 0 0 0 
372 1 1 1 1 1 1 1 
373 1 1 1 1 1 1 1 
374 1 1 1 1 1 1 1 
375 0 0 0 0 0 0 0 
376 0 0 0 0 0 0 0 
377 0 0 0 0 0 0 0 
378 0 0 0 0 0 0 0 
379 0 0 0 0 0 0 0 
380 0 0 0 0 0 0 0 
381 0 0 0 0 0 0 0 
382 0 0 0 0 0 0 0 
383 1 1 1 1 1 1 1 
384 0 0 0 0 0 0 0 
385 0 0 0 0 0 0 0 
386 1 1 1 1 1 1 1 
387 1 1 1 1 1 1 1 
388 1 1 1 1 1 1 1 
389 0 0 0 0 0 0 0 
390 0 0 0 0 0 0 0 
391 0 0 0 0 0 0 0 
392 0 0 0 0 0 0 0 
393 0 0 0 0 0 0 0 
394 0 0 0 0 0 0 0 
395 1 1 1 1 1 1 1 
396 0 0 0 0 0 0 0 
397 1 1 1 1 1 1 1 
398 1 1 1 1 1 1 1 
399 1 1 1 1 1 1 1 
400 1 1 1 1 1 1 1 
401 1 1 1 1 1 1 1 
402 0 0 0 0 0 0 0 
403 1 1 1 1 1 1 1 
404 0 0 0 0 0 0 0 
405 0 0 0 0 0 0 0 
406 0 0 0 0 0 0 0 
407 0 0 0 0 0 0 0 
408 0 0 0 0 0 0 0 
409 1 1 1 1 1 1 1 
410 1 1 1 1 1 1 1 
411 0 0 0 0 0 0 0 
412 0 0 0 0 0 0 0 
413 0 0 0 0 0 0 0 
414 0 0 0 0 0 0 0 
415 1 1 1 1 1 1 1 
416 1 1 1 1 1 1 1 
417 1 1 1 1 1 1 1 
418 1 1 1 1 1 1 1 
419 1 1 1 1 1 1 1 
420 1 1 1 1 1 1 1 
421 0 0 0 0 0 0 0 
422 0 0 0 0 0 0 0 
423 0 1 1 1 1 1 1 
424 0 0 0 0 0 0 0 
425 0 0 0 0 0 0 0 
426 0 0 0 0 0 0 0 
427 0 0 0 0 0 0 0 
428 0 0 0 0 0 0 0 
429 0 0 0 0 0 0 0 
430 0 0 0 0 0 0 0 
431 0 0 0 0 0 0 0 
432 1 1 1 1 1 1 1 
433 0 0 0 0 0 0 0 
434 0 0 0 0 0 0 0 
435 1 1 1 1 1 1 1 
436 1 1 1 1 1 1 1 
437 1 1 1 1 1 1 1 
438 1 1 1 1 1 1 1 
439 1 1 1 1 1 1 1 
440 0 0 0 0 0 0 0 
441 0 0 0 0 0 0 0 
442 0 0 0 0 0 0 0 
443 0 0 0 0 0 0 0 
444 1 1 1 1 1 1 1 
445 0 0 0 0 0 0 0 
446 1 1 1 1 1 1 1 
447 1 1 1 1 1 1 1 
448 1 1 1 1 1 1 1 
449 1 1 1 1 1 1 1 
450 1 1 1 1 1 1 1 
451 1 1 1 1 1 1 1 
452 0 0 0 0 0 0 0 
453 0 0 0 0 0 0 0 
454 0 0 0 0 0 0 0 
455 0 0 0 0 0 0 0 
456 1 1 1 1 1 1 1 
457 1 1 1 1 1 1 1 
458 0 0 0 0 0 0 0 
459 0 0 0 0 0 0 0 
460 0 0 0 0 0 0 0 
461 0 0 0 0 0 0 0 
462 0 0 0 0 0 0 0 
463 1 1 1 1 1 1 1 
464 1 1 1 1 1 1 1 
465 1 1 1 1 1 1 1 
466 0 0 0 0 0 0 0 
467 0 0 0 0 0 0 0 
468 0 0 0 0 0 0 0 
469 1 1 1 1 1 1 1 
470 1 1 1 1 1 1 1 
471 1 1 1 1 1 1 1 
472 0 0 0 0 0 0 0 
473 1 1 1 1 1 1 1 
474 0 0 0 0 0 0 0 
475 1 1 1 1 1 1 1 
476 0 0 0 0 0 0 0 
477 0 0 0 0 0 0 0 
478 0 0 0 0 0 0 0 
479 0 0 0 0 0 0 0 
480 0 0 0 0 0 0 0 
481 0 0 0 0 0 0 0 
482 0 0 0 0 0 0 0 
483 0 0 0 0 0 0 0 
484 0 0 0 0 0 0 0 
485 0 0 0 0 0 0 0 
486 0 0 0 0 0 0 0 
487 0 0 0 0 0 0 0 
488 0 0 0 0 0 0 0 
489 0 0 0 0 0 0 0 
490 0 0 0 0 0 0 0 
491 0 0 0 0 0 0 0 
492 1 1 1 1 1 1 1 
493 1 1 1 1 1 1 1 
494 0 0 0 0 0 0 0 
495 1 1 1 1 1 1 1 
496 1 1 1 1 1 1 1 
497 0 0 0 0 0 0 0 
498 1 1 1 1 1 1 1 
499 0 0 0 0 0 0 0 
500 1 1 1 1 1 1 1 
501 0 0 0 0 0 0 0 
502 1 1 1 1 1 1 1 
503 0 0 0 0 0 0 0 
504 0 0 0 0 0 0 0 
505 0 0 0 0 0 0 0 
506 0 0 0 0 0 0 0 
507 0 0 0 0 0 0 0 
508 0 0 0 0 0 0 0 
509 0 0 0 0 0 0 0 
510 0 0 0 0 0 0 0 
511 0 0 0 0 0 0 0 
512 0 0 0 0 0 0 0 
513 0 0 0 0 0 0 0 
514 0 0 0 0 0 0 0 
515 0 0 0 0 0 0 0 
516 0 0 0 0 0 0 0 
517 0 0 0 0 0 0 0 
518 1 1 1 1 1 1 1 
519 1 1 1 1 1 1 1 
520 0 0 0 0 0 0 0 
521 0 0 0 0 0 0 0 
522 1 1 1 1 1 1 1 
523 1 1 1 1 1 1 1 
524 0 0 0 0 0 0 0 
525 1 1 1 1 1 1 1 
526 1 1 1 1 1 1 1 
527 0 0 0 0 0 0 0 
528 0 0 0 0 0 0 0 
529 0 0 0 0 0 0 0 
530 1 1 1 1 1 1 1 
531 0 0 0 0 0 0 0 
532 0 0 0 0 0 0 0 
533 0 0 0 0 0 0 0 
534 0 0 0 0 0 0 0 
535 0 0 0 0 0 0 0 
536 0 0 0 0 0 0 0 
537 1 1 1 1 1 1 1 
538 0 0 0 0 0 0 0 
539 1 1 1 1 1 1 1 
540 1 1 1 1 1 1 1 
541 0 0 0 0 0 0 0 
542 1 1 1 1 1 1 1 
543 0 0 0 0 0 0 0 
544 0 0 0 0 0 0 0 
545 1 1 1 1 1 1 1 
546 0 0 0 0 0 0 0 
547 1 1 1 1 1 1 1 
548 1 1 1 1 1 1 1 
549 0 0 0 0 0 0 0 
550 1 1 1 1 1 1 1 
551 1 1 1 1 1 1 1 
552 1 1 1 1 1 1 1 
553 1 1 1 1 1 1 1 
554 0 0 0 0 0 0 0 
555 0 0 0 0 0 0 0 
556 0 0 0 0 0 0 0 
557 0 1 1 1 1 1 1 
558 1 1 1 1 1 1 1 
559 1 1 1 1 1 1 1 
560 0 0 0 0 0 0 0 
561 0 0 0 0 0 0 0 
562 1 1 1 1 1 1 1 
563 1 1 1 1 1 1 1 
564 1 1 1 1 1 1 1 
565 0 0 0 0 0 0 0 
566 0 0 0 0 0 0 0 
567 1 1 1 1 1 1 1 
568 0 0 0 0 0 0 0 
569 1 1 1 1 1 1 1 
570 0 0 0 0 0 0 0 
571 1 1 1 1 1 1 1 
572 1 1 1 1 1 1 1 
573 1 1 1 1 1 1 1 
574 1 1 1 1 1 1 1 
575 0 0 0 0 0 0 0 
576 1 1 1 1 1 1 1 
577 0 0 0 0 0 0 0 
578 1 1 1 1 1 1 1 
579 0 0 0 0 0 0 0 
580 1 1 1 1 1 1 1 
581 1 1 1 1 1 1 1 
582 0 0 0 0 0 0 0 
583 1 1 1 1 1 1 1 
584 1 1 1 1 1 1 1 
585 0 0 0 0 0 0 0 
586 1 1 1 1 1 1 1 
587 1 1 1 1 1 1 1 
588 1 1 1 1 1 1 1 
589 0 0 0 0 0 0 0 
590 0 0 0 0 0 0 0 
591 0 0 0 0 0 0 0 
592 0 0 0 0 0 0 0 
593 0 0 0 0 0 0 0 
594 0 0 0 0 0 0 0 
595 0 0 0 0 0 0 0 
596 0 0 0 0 0 0 0 
597 0 0 0 0 0 0 0 
598 1 1 1 1 1 1 1 
599 1 1 1 1 1 1 1 
600 0 0 0 0 0 0 0 
601 1 1 1 1 1 1 1 
602 0 0 0 0 0 0 0 
603 0 0 0 0 0 0 0 
604 0 0 0 0 0 0 0 
605 0 0 0 0 0 0 0 
606 0 0 0 0 0 0 0 
607 0 0 0 0 0 0 0 
608 0 0 0 0 0 0 0 
609 1 1 1 1 1 1 1 
610 0 0 0 0 0 0 0 
611 0 0 0 0 0 0 0 
612 0 0 0 0 0 0 0 
613 1 1 1 1 1 1 1 
614 1 1 1 1 1 1 1 
615 1 1 1 1 1 1 1 
616 1 1 1 1 1 1 1 
617 0 0 0 0 0 0 0 
618 0 0 0 0 0 0 0 
619 1 1 1 1 1 1 1 
620 1 1 1 1 1 1 1 
621 1 1 1 1 1 1 1 
622 1 1 1 1 1 1 1 
623 0 0 0 0 0 0 0 
624 1 1 1 1 1 1 1 
625 0 0 0 0 0 0 0 
626 0 0 0 0 0 0 0 
627 1 1 1 1 1 1 1 
628 1 1 1 1 1 1 1 
629 0 0 0 0 0 0 0 
630 1 1 1 1 1 1 1 
631 0 0 0 0 0 0 0 
632 0 0 0 0 0 0 0 
633 1 1 1 1 1 1 1 
634 0 0 0 0 0 0 0 
635 0 0 0 0 0 0 0 
636 1 1 1 1 1 1 1 
637 1 1 1 1 1 1 1 
638 1 1 1 1 1 1 1 
639 0 0 0 0 0 0 0 
640 0 0 0 0 0 0 0 
641 0 1 1 1 1 1 1 
642 0 0 0 0 0 0 0 
643 0 0 0 0 0 0 0 
644 0 0 0 0 0 0 0 
645 0 0 0 0 0 0 0 
646 1 1 1 1 1 1 1 
647 0 0 0 0 0 0 0 
648 1 1 1 1 1 1 1 
649 0 0 0 0 0 0 0 
650 0 0 0 0 0 0 0 
651 1 1 1 1 1 1 1 
652 0 0 0 0 0 0 0 
653 0 0 0 0 0 0 0 
654 0 0 0 0 0 0 0 
655 1 1 1 1 1 1 1 
656 1 1 1 1 1 1 1 
657 1 1 1 1 1 1 1 
658 0 0 0 0 0 0 0 
659 0 0 0 0 0 0 0 
660 0 0 0 0 0 0 0 
661 1 1 1 1 1 1 1 
662 1 1 1 1 1 1 1 
663 1 1 1 1 1 1 1 
664 1 1 1 1 1 1 1 
665 1 1 1 1 1 1 1 
666 0 0 0 0 0 0 0 
667 1 1 1 1 1 1 1 
668 0 0 0 0 0 0 0 
669 1 1 1 1 1 1 1 
670 1 1 1 1 1 1 1 
671 0 0 0 0 0 0 0 
672 0 0 0 0 0 0 0 
673 1 1 1 1 1 1 1 
674 1 1 1 1 1 1 1 
675 1 1 1 1 1 1 1 
676 1 1 1 1 1 1 1 
677 0 0 0 0 0 0 0 
678 0 0 0 0 0 0 0 
679 0 0 0 0 0 0 0 
680 0 0 0 0 0 0 0 
681 0 0 0 0 0 0 0 
682 1 1 1 1 1 1 1 
683 0 0 0 0 0 0 0 
684 1 1 1 1 1 1 1 
685 0 0 0 0 0 0 0 
686 0 0 0 0 0 0 0 
687 0 0 0 0 0 0 0 
688 1 1 1 1 1 1 1 
689 1 1 1 1 1 1 1 
690 0 0 0 0 0 0 0 
691 0 0 0 0 0 0 0 
692 0 0 0 0 0 0 0 
693 1 1 1 1 1 1 1 
694 1 1 1 1 1 1 1 
695 0 0 0 0 0 0 0 
696 0 0 0 0 0 0 0 
697 1 1 1 1 1 1 1 
698 1 1 1 1 1 1 1 
699 1 1 1 1 1 1 1 
700 1 1 1 1 1 1 1 
701 1 1 1 1 1 1 1 
702 1 1 1 1 1 1 1 
703 0 0 0 0 0 0 0 
704 0 0 0 0 0 0 0 
705 0 0 0 0 0 0 0 
706 0 0 0 0 0 0 0 
707 1 1 1 1 1 1 1 
708 0 0 0 0 0 0 0 
709 0 0 0 0 0 0 0 
710 0 0 0 0 0 0 0 
711 1 1 1 1 1 1 1 
712 1 1 1 1 1 1 1 
713 0 0 0 0 0 0 0 
714 0 0 0 0 0 0 0 
715 0 0 0 0 0 0 0 
716 0 0 0 0 0 0 0 
717 1 1 1 1 1 1 1 
718 1 1 1 1 1 1 1 
719 1 1 1 1 1 1 1 
720 0 0 0 0 0 0 0 
721 1 1 1 1 1 1 1 
722 1 1 1 1 1 1 1 
723 0 0 0 0 0 0 0 
724 0 0 0 0 0 0 0 
725 1 1 1 1 1 1 1 
726 0 0 0 0 0 0 0 
727 1 1 1 1 1 1 1 
728 1 1 1 1 1 1 1 
729 0 0 0 0 0 0 0 
730 1 1 1 1 1 1 1 
731 1 1 1 1 1 1 1 
732 0 1 1 1 1 1 1 
733 0 0 0 0 0 0 0 
734 1 1 1 1 1 1 1 
735 0 1 1 1 1 1 1 
736 1 1 1 1 1 1 1 
737 1 1 1 1 1 1 1 
738 0 0 0 0 0 0 0 
739 0 0 0 0 0 0 0 
740 1 1 1 1 1 1 1 
741 0 0 0 0 0 0 0 
742 1 1 1 1 1 1 1 
743 1 1 1 1 1 1 1 
744 0 0 0 0 0 0 0 
745 0 0 0 0 0 0 0 
746 0 0 0 0 0 0 0 
747 0 0 0 0 0 0 0 
748 0 0 0 0 0 0 0 
749 1 1 1 1 1 1 1 
750 0 0 0 0 0 0 0 
751 0 0 0 0 0 0 0 
752 0 0 0 0 0 0 0 
753 1 1 1 1 1 1 1 
754 1 1 1 1 1 1 1 
755 1 1 1 1 1 1 1 
756 1 1 1 1 1 1 1 
757 0 0 0 0 0 0 0 
758 0 0 0 0 0 0 0 
759 0 0 0 0 0 0 0 
760 0 0 0 0 0 0 0 
761 0 0 0 0 0 0 0 
762 1 1 1 1 1 1 1 
763 0 0 0 0 0 0 0 
764 0 0 0 0 0 0 0 
765 0 0 0 0 0 0 0 
766 1 1 1 1 1 1 1 
767 1 1 1 1 1 1 1 
768 1 1 1 1 1 1 1 
769 1 1 1 1 1 1 1 
770 1 1 1 1 1 1 1 
771 1 1 1 1 1 1 1 
772 0 0 0 0 0 0 0 
773 0 0 0 0 0 0 0 
774 1 1 1 1 1 1 1 
775 0 0 0 0 0 0 0 
776 0 0 0 0 0 0 0 
777 0 0 0 0 0 0 0 
778 1 1 1 1 1 1 1 
779 1 1 1 1 1 1 1 
780 0 0 0 0 0 0 0 
781 1 1 1 1 1 1 1 
782 1 1 1 1 1 1 1 
783 0 0 0 0 0 0 0 
784 0 0 0 0 0 0 0 
785 1 1 1 1 1 1 1 
786 0 0 0 0 0 0 0 
787 0 1 1 1 1 1 1 
788 1 1 1 1 1 1 1 
789 0 0 0 0 0 0 0 
790 0 0 0 0 0 0 0 
791 1 1 1 1 1 1 1 
792 1 1 1 1 1 1 1 
793 1 1 1 1 1 1 1 
794 1 1 1 1 1 1 1 
795 1 1 1 1 1 1 1 
796 1 1 1 1 1 1 1 
797 1 1 1 1 1 1 1 
798 0 0 0 0 0 0 0 
799 1 1 1 1 1 1 1 
800 1 1 1 1 1 1 1 
801 1 1 1 1 1 1 1 
802 0 0 0 0 0 0 0 
803 0 0 0 0 0 0 0 
804 0 0 0 0 0 0 0 
805 1 1 1 1 1 1 1 
806 1 1 1 1 1 1 1 
807 0 0 0 0 0 0 0 
808 1 1 1 1 1 1 1 
809 1 1 1 1 1 1 1 
810 1 1 1 1 1 1 1 
811 0 0 0 0 0 0 0 
812 0 0 0 0 0 0 0 
813 0 0 0 0 0 0 0 
814 0 0 0 0 0 0 0 
815 1 1 1 1 1 1 1 
816 0 0 0 0 0 0 0 
817 0 0 0 0 0 0 0 
818 0 0 0 0 0 0 0 
819 1 1 1 1 1 1 1 
820 1 1 1 1 1 1 1 
821 0 0 0 0 0 0 0 
822 0 0 0 0 0 0 0 
823 0 0 0 0 0 0 0 
824 1 1 1 1 1 1 1 
825 1 1 1 1 1 1 1 
826 0 0 0 0 0 0 0 
827 1 1 1 1 1 1 1 
828 1 1 1 1 1 1 1 
829 1 1 1 1 1 1 1 
830 1 1 1 1 1 1 1 
831 1 1 1 1 1 1 1 
832 0 0 0 0 0 0 0 
833 0 0 0 0 0 0 0 
834 0 0 0 0 0 0 0 
835 0 0 0 0 0 0 0 
836 0 0 0 0 0 0 0 
837 0 0 0 0 0 0 0 
838 0 0 0 0 0 0 0 
839 0 0 0 0 0 0 0 
840 0 0 0 0 0 0 0 
841 0 0 0 0 0 0 0 
842 0 0 0 0 0 0 0 
843 0 0 0 0 0 0 0 
844 0 0 0 0 0 0 0 
845 0 0 0 0 0 0 0 
846 0 0 0 0 0 0 0 
847 1 1 1 1 1 1 1 
848 1 1 1 1 1 1 1 
849 0 0 0 0 0 0 0 
850 0 0 0 0 0 0 0 
851 0 0 0 0 0 0 0 
852 0 0 0 0 0 0 0 
853 1 1 1 1 1 1 1 
854 0 1 1 1 1 1 1 
855 1 1 1 1 1 1 1 
856 1 1 1 1 1 1 1 
857 0 0 0 0 0 0 0 
858 0 0 0 0 0 0 0 
859 0 0 0 0 0 0 0 
860 0 0 0 0 0 0 0 
861 0 0 0 0 0 0 0 
862 1 1 1 1 1 1 1 
863 0 0 0 0 0 0 0 
864 0 0 0 0 0 0 0 
865 0 0 0 0 0 0 0 
866 0 0 0 0 0 0 0 
867 0 0 0 0 0 0 0 
868 0 0 0 0 0 0 0 
869 1 1 1 1 1 1 1 
870 1 1 1 1 1 1 1 
871 0 1 1 1 1 1 1 
872 0 0 0 0 0 0 0 
873 0 0 0 0 0 0 0 
874 0 0 0 0 0 0 0 
875 0 0 0 0 0 0 0 
876 0 0 0 0 0 0 0 
877 0 0 0 0 0 0 0 
878 0 0 0 0 0 0 0 
879 0 0 0 0 0 0 0 
880 0 0 0 0 0 0 0 
881 1 1 1 1 1 1 1 
882 0 0 0 0 0 0 0 
883 1 1 1 1 1 1 1 
884 1 1 1 1 1 1 1 
885 1 1 1 1 1 1 1 
886 1 1 1 1 1 1 1 
887 1 1 1 1 1 1 1 
888 0 0 0 0 0 0 0 
889 1 1 1 1 1 1 1 
890 0 0 0 0 0 0 0 
891 0 0 0 0 0 0 0 
892 0 0 0 0 0 0 0 
893 0 0 0 0 0 0 0 
894 0 0 0 0 0 0 0 
895 0 0 0 0 0 0 0 
896 1 1 1 1 1 1 1 
897 0 0 0 0 0 0 0 
898 1 1 1 1 1 1 1 
899 0 0 0 0 0 0 0 
900 0 0 0 0 0 0 0 
901 0 0 0 0 0 0 0 
902 0 0 0 0 0 0 0 
903 0 0 0 0 0 0 0 
904 1 1 1 1 1 1 1 
905 0 0 0 0 0 0 0 
906 0 0 0 0 0 0 0 
907 0 0 0 0 0 0 0 
908 0 0 0 0 0 0 0 
909 0 0 0 0 0 0 0 
910 1 1 1 1 1 1 1 
911 1 1 1 1 1 1 1 
912 1 1 1 1 1 1 1 
913 0 0 0 0 0 0 0 
914 0 0 0 0 0 0 0 
915 0 0 0 0 0 0 0 
916 1 1 1 1 1 1 1 
917 0 0 0 0 0 0 0 
918 0 0 0 0 0 0 0 
919 1 1 1 1 1 1 1 
920 1 1 1 1 1 1 1 
921 0 0 0 0 0 0 0 
922 0 0 0 0 0 0 0 
923 1 1 1 1 1 1 1 
924 0 0 0 0 0 0 0 
925 1 1 1 1 1 1 1 
926 0 0 0 0 0 0 0 
927 0 0 0 0 0 0 0 
928 1 1 1 1 1 1 1 
929 1 1 1 1 1 1 1 
930 1 1 1 1 1 1 1 
931 1 1 1 1 1 1 1 
932 1 1 1 1 1 1 1 
933 0 0 0 0 0 0 0 
934 0 0 0 0 0 0 0 
935 0 0 0 0 0 0 0 
936 0 0 0 0 0 0 0 
937 0 0 0 0 0 0 0 
938 0 0 0 0 0 0 0 
939 0 0 0 0 0 0 0 
940 0 0 0 0 0 0 0 
941 1 1 1 1 1 1 1 
942 1 1 1 1 1 1 1 
943 1 1 1 1 1 1 1 
944 0 0 0 0 0 0 0 
945 1 1 1 1 1 1 1 
946 1 1 1 1 1 1 1 
947 1 1 1 1 1 1 1 
948 1 1 1 1 1 1 1 
949 0 0 0 0 0 0 0 
950 0 0 0 0 0 0 0 
951 1 1 1 1 1 1 1 
952 1 1 1 1 1 1 1 
953 0 0 0 0 0 0 0 
954 0 0 0 0 0 0 0 
955 1 1 1 1 1 1 1 
956 1 1 1 1 1 1 1 
957 1 1 1 1 1 1 1 
958 1 1 1 1 1 1 1 
959 0 0 0 0 0 0 0 
960 1 1 1 1 1 1 1 
961 1 1 1 1 1 1 1 
962 0 0 0 0 0 0 0 
963 0 0 0 0 0 0 0 
964 0 0 0 0 0 0 0 
965 1 1 1 1 1 1 1 
966 1 1 1 1 1 1 1 
967 1 1 1 1 1 1 1 
968 0 0 0 0 0 0 0 
969 0 0 0 0 0 0 0 
970 1 1 1 1 1 1 1 
971 0 0 0 0 0 0 0 
972 1 1 1 1 1 1 1 
973 0 0 0 0 0 0 0 
974 1 1 1 1 1 1 1 
975 1 1 1 1 1 1 1 
976 1 1 1 1 1 1 1 
977 1 1 1 1 1 1 1 
978 0 0 0 0 0 0 0 
979 0 0 0 0 0 0 0 
980 0 0 0 0 0 0 0 
981 0 0 0 0 0 0 0 
982 0 0 0 0 0 0 0 
983 0 0 0 0 0 0 0 
984 0 0 0 0 0 0 0 
985 0 0 0 0 0 0 0 
986 0 0 0 0 0 0 0 
987 0 0 0 0 0 0 0 
988 0 0 0 0 0 0 0 
989 0 0 0 0 0 0 0 
990 0 0 0 0 0 0 0 
991 1 1 1 1 1 1 1 
992 0 0 0 0 0 0 0 
993 0 0 0 0 0 0 0 
994 1 1 1 1 1 1 1 
995 0 0 0 0 0 0 0 
996 1 1 1 1 1 1 1 
997 1 1 1 1 1 1 1 
998 1 1 1 1 1 1 1 
999 1 1 1 1 1 1 1 
1000 1 1 1 1 1 1 1 
1001 0 0 0 0 0 0 0 
1002 1 1 1 1 1 1 1 
1003 1 1 1 1 1 1 1 
1004 1 1 1 1 1 1 1 
1005 1 1 1 1 1 1 1 
1006 0 0 0 0 0 0 0 
1007 1 1 1 1 1 1 1 
1008 1 1 1 1 1 1 1 
1009 1 1 1 1 1 1 1 
1010 1 1 1 1 1 1 1 
1011 0 0 0 0 0 0 0 
1012 1 1 1 1 1 1 1 
1013 1 1 1 1 1 1 1 
1014 0 0 0 0 0 0 0 
1015 1 1 1 1 1 1 1 
1016 0 0 0 0 0 0 0 
1017 1 1 1 1 1 1 1 
1018 0 0 0 0 0 0 0 
1019 1 1 1 1 1 1 1 
1020 1 1 1 1 1 1 1 
1021 1 1 1 1 1 1 1 
1022 1 1 1 1 1 1 1 
1023 0 0 0 0 0 0 0 
1024 0 0 0 0 0 0 0 
1025 1 1 1 1 1 1 1 
1026 0 0 0 0 0 0 0 
1027 1 1 1 1 1 1 1 
1028 1 1 1 1 1 1 1 
1029 1 1 1 1 1 1 1 
1030 1 1 1 1 1 1 1 
1031 1 1 1 1 1 1 1 
1032 0 0 0 0 0 0 0 
1033 0 0 0 0 0 0 0 
1034 0 0 0 0 0 0 0 
1035 1 1 1 1 1 1 1 
1036 0 0 0 0 0 0 0 
1037 0 0 0 0 0 0 0 
1038 0 0 0 0 0 0 0 
1039 1 1 1 1 1 1 1 
1040 0 0 0 0 0 0 0 
1041 1 1 1 1 1 1 1 
1042 0 0 0 0 0 0 0 
1043 0 0 0 0 0 0 0 
1044 1 1 1 1 1 1 1 
1045 0 0 0 0 0 0 0 
1046 0 0 0 0 0 0 0 
1047 0 0 0 0 0 0 0 
1048 0 0 0 0 0 0 0 
1049 1 1 1 1 1 1 1 
1050 1 1 1 1 1 1 1 
1051 0 0 0 0 0 0 0 
1052 1 1 1 1 1 1 1 
1053 0 0 0 0 0 0 0 
1054 1 1 1 1 1 1 1 
1055 1 1 1 1 1 1 1 
1056 1 1 1 1 1 1 1 
1057 1 1 1 1 1 1 1 
1058 0 0 0 0 0 0 0 
1059 1 1 1 1 1 1 1 
1060 0 0 0 0 0 0 0 
1061 0 0 0 0 0 0 0 
1062 1 1 1 1 1 1 1 
1063 1 1 1 1 1 1 1 
1064 0 0 0 0 0 0 0 
1065 1 1 1 1 1 1 1 
1066 1 1 1 1 1 1 1 
1067 0 0 0 0 0 0 0 
1068 0 0 0 0 0 0 0 
1069 0 0 0 0 0 0 0 
1070 1 1 1 1 1 1 1 
1071 0 0 0 0 0 0 0 
1072 1 1 1 1 1 1 1 
1073 1 1 1 1 1 1 1 
1074 0 0 0 0 0 0 0 
1075 0 0 0 0 0 0 0 
1076 0 0 0 0 0 0 0 
1077 0 0 0 0 0 0 0 
1078 1 1 1 1 1 1 1 
1079 0 0 0 0 0 0 0 
1080 0 0 0 0 0 0 0 
1081 1 1 1 1 1 1 1 
1082 1 1 1 1 1 1 1 
1083 1 1 1 1 1 1 1 
1084 1 1 1 1 1 1 1 
1085 1 1 1 1 1 1 1 
1086 0 0 0 0 0 0 0 
1087 1 1 1 1 1 1 1 
1088 0 0 0 0 0 0 0 
1089 1 1 1 1 1 1 1 
1090 0 0 0 0 0 0 0 
1091 1 1 1 1 1 1 1 
1092 1 1 1 1 1 1 1 
1093 1 1 1 1 1 1 1 
1094 1 1 1 1 1 1 1 
1095 1 1 1 1 1 1 1 
1096 0 0 0 0 0 0 0 
1097 1 1 1 1 1 1 1 
1098 1 1 1 1 1 1 1 
1099 0 0 0 0 0 0 0 
1100 0 0 0 0 0 0 0 
1101 1 1 1 1 1 1 1 
1102 0 0 0 0 0 0 0 
1103 0 0 0 0 0 0 0 
1104 1 1 1 1 1 1 1 
1105 1 1 1 1 1 1 1 
1106 1 1 1 1 1 1 1 
1107 0 0 0 0 0 0 0 
1108 0 0 0 0 0 0 0 
1109 0 0 0 0 0 0 0 
1110 0 0 0 0 0 0 0 
1111 0 0 0 0 0 0 0 
1112 0 0 0 0 0 0 0 
1113 0 0 0 0 0 0 0 
1114 0 0 0 0 0 0 0 
1115 1 1 1 1 1 1 1 
1116 1 1 1 1 1 1 1 
1117 0 0 0 0 0 0 0 
1118 0 0 0 0 0 0 0 
1119 1 1 1 1 1 1 1 
1120 0 0 0 0 0 0 0 
1121 0 0 0 0 0 0 0 
1122 0 0 0 0 0 0 0 
1123 1 1 1 1 1 1 1 
1124 1 1 1 1 1 1 1 
1125 1 1 1 1 1 1 1 
1126 1 1 1 1 1 1 1 
1127 0 0 0 0 0 0 0 
1128 1 1 1 1 1 1 1 
1129 1 1 1 1 1 1 1 
1130 1 1 1 1 1 1 1 
1131 1 1 1 1 1 1 1 
1132 1 1 1 1 1 1 1 
1133 1 1 1 1 1 1 1 
1134 1 1 1 1 1 1 1 
1135 1 1 1 1 1 1 1 
1136 1 1 1 1 1 1 1 
1137 0 0 0 0 0 0 0 
1138 0 0 0 0 0 0 0 
1139 1 1 1 1 1 1 1 
1140 1 1 1 1 1 1 1 
1141 1 1 1 1 1 1 1 
1142 1 1 1 1 1 1 1 
1143 0 0 0 0 0 0 0 
1144 0 0 0 0 0 0 0 
1145 0 0 0 0 0 0 0 
1146 0 0 0 0 0 0 0 
1147 0 0 0 0 0 0 0 
1148 0 0 0 0 0 0 0 
1149 0 0 0 0 0 0 0 
1150 1 1 1 1 1 1 1 
1151 1 1 1 1 1 1 1 
1152 1 1 1 1 1 1 1 
1153 1 1 1 1 1 1 1 
1154 1 1 1 1 1 1 1 
1155 0 0 0 0 0 0 0 
1156 1 1 1 1 1 1 1 
1157 0 0 0 0 0 0 0 
1158 0 0 0 0 0 0 0 
1159 0 0 0 0 0 0 0 
1160 0 0 0 0 0 0 0 
1161 1 1 1 1 1 1 1 
1162 0 0 0 0 0 0 0 
1163 1 1 1 1 1 1 1 
1164 1 1 1 1 1 1 1 
1165 0 0 0 0 0 0 0 
1166 1 1 1 1 1 1 1 
1167 0 0 0 0 0 0 0 
1168 0 0 0 0 0 0 0 
1169 0 0 0 0 0 0 0 
1170 1 1 1 1 1 1 1 
1171 0 0 0 0 0 0 0 
1172 1 1 1 1 1 1 1 
1173 0 0 0 0 0 0 0 
1174 1 1 1 1 1 1 1 
1175 1 1 1 1 1 1 1 
1176 1 1 1 1 1 1 1 
1177 0 0 0 0 0 0 0 
1178 0 0 0 0 0 0 0 
1179 1 1 1 1 1 1 1 
1180 0 0 0 0 0 0 0 
1181 1 1 1 1 1 1 1 
1182 0 0 0 0 0 0 0 
1183 1 1 1 1 1 1 1 
1184 0 0 0 0 0 0 0 
1185 1 1 1 1 1 1 1 
1186 0 0 0 0 0 0 0 
1187 0 0 0 0 0 0 0 
1188 0 0 0 0 0 0 0 
1189 0 0 0 0 0 0 0 
1190 1 1 1 1 1 1 1 
1191 1 1 1 1 1 1 1 
1192 0 0 0 0 0 0 0 
1193 1 1 1 1 1 1 1 
1194 0 0 0 0 0 0 0 
1195 0 0 0 0 0 0 0 
1196 0 0 0 0 0 0 0 
1197 0 0 0 0 0 0 0 
1198 1 1 1 1 1 1 1 
1199 1 1 1 1 1 1 1 
1200 1 1 1 1 1 1 1 
1201 0 0 0 0 0 0 0 
1202 0 0 0 0 0 0 0 
1203 0 0 0 0 0 0 0 
1204 0 1 1 1 1 1 1 
1205 0 0 0 0 0 0 0 
1206 1 1 1 1 1 1 1 
1207 1 1 1 1 1 1 1 
1208 1 1 1 1 1 1 1 
1209 0 0 0 0 0 0 0 
1210 0 0 0 0 0 0 0 
1211 0 0 0 0 0 0 0 
1212 1 1 1 1 1 1 1 
1213 1 1 1 1 1 1 1 
1214 1 1 1 1 1 1 1 
1215 0 0 0 0 0 0 0 
1216 1 1 1 1 1 1 1 
1217 0 0 0 0 0 0 0 
1218 0 0 0 0 0 0 0 
1219 1 1 1 1 1 1 1 
1220 0 0 0 0 0 0 0 
1221 1 1 1 1 1 1 1 
1222 0 0 0 0 0 0 0 
1223 0 0 0 0 0 0 0 
1224 0 0 0 0 0 0 0 
1225 0 0 0 0 0 0 0 
1226 0 0 0 0 0 0 0 
1227 0 0 0 0 0 0 0 
1228 0 0 1 1 1 1 1 
1229 1 1 1 1 1 1 1 
1230 1 1 1 1 1 1 1 
1231 1 1 1 1 1 1 1 
1232 0 0 0 0 0 0 0 
1233 1 1 1 1 1 1 1 
1234 1 1 1 1 1 1 1 
1235 0 0 0 0 0 0 0 
1236 0 0 0 0 0 0 0 
1237 0 0 0 0 0 0 0 
1238 0 0 0 0 0 0 0 
1239 1 1 1 1 1 1 1 
1240 0 0 0 0 0 0 0 
1241 0 0 0 0 0 0 0 
1242 0 0 0 0 0 0 0 
1243 0 0 0 0 0 0 0 
1244 0 0 0 0 0 0 0 
1245 0 0 0 0 0 0 0 
1246 0 0 0 0 0 0 0 
1247 0 0 0 0 0 0 0 
1248 0 0 0 0 0 0 0 
1249 0 0 0 0 0 0 0 
1250 0 0 0 0 0 0 0 
1251 0 0 0 0 0 0 0 
1252 1 1 1 1 1 1 1 
1253 0 0 0 0 0 0 0 
1254 0 0 0 0 0 0 0 
1255 0 0 0 0 0 0 0 
1256 0 0 0 0 0 0 0 
1257 0 0 0 0 0 0 0 
1258 1 1 1 1 1 1 1 
1259 1 1 1 1 1 1 1 
1260 1 1 1 1 1 1 1 
1261 1 1 1 1 1 1 1 
1262 1 1 1 1 1 1 1 
1263 1 1 1 1 1 1 1 
1264 0 0 0 0 0 0 0 
1265 0 0 0 0 0 0 0 
1266 1 1 1 1 1 1 1 
1267 0 0 0 0 0 0 0 
1268 1 1 1 1 1 1 1 
1269 1 1 1 1 1 1 1 
1270 0 0 0 0 0 0 0 
1271 0 0 0 0 0 0 0 
1272 1 1 1 1 1 1 1 
1273 0 0 0 0 0 0 0 
1274 0 0 0 0 0 0 0 
1275 0 0 0 0 0 0 0 
1276 0 0 0 0 0 0 0 
1277 0 0 0 0 0 0 0 
1278 0 0 0 0 0 0 0 
1279 0 0 0 0 0 0 0 
1280 0 0 0 0 0 0 0 
1281 0 0 0 0 0 0 0 
1282 0 0 0 0 0 0 0 
1283 0 1 1 1 1 1 1 
1284 1 1 1 1 1 1 1 
1285 0 0 0 0 0 0 0 
1286 1 1 1 1 1 1 1 
1287 1 1 1 1 1 1 1 
1288 1 1 1 1 1 1 1 
1289 0 0 0 0 0 0 0 
1290 0 0 0 0 0 0 0 
1291 0 0 0 0 0 0 0 
1292 0 0 0 0 0 0 0 
1293 0 0 0 0 0 0 0 
1294 0 0 0 0 0 0 0 
1295 0 0 0 0 0 0 0 
1296 1 1 1 1 1 1 1 
1297 0 0 0 0 0 0 0 
1298 0 0 0 0 0 0 0 
1299 0 0 0 0 0 0 0 
1300 0 0 0 0 0 0 0 
1301 0 0 0 0 0 0 0 
1302 0 0 0 0 0 0 0 
1303 1 1 1 1 1 1 1 
1304 1 1 1 1 1 1 1 
1305 1 1 1 1 1 1 1 
1306 1 1 1 1 1 1 1 
1307 0 0 0 0 0 0 0 
1308 0 0 0 0 0 0 0 
1309 0 0 0 0 0 0 0 
1310 0 0 0 0 0 0 0 
1311 0 0 0 0 0 0 0 
1312 0 0 0 0 0 0 0 
1313 0 0 0 0 0 0 0 
1314 0 0 0 0 0 0 0 
1315 0 0 0 0 0 0 0 
1316 0 0 0 0 0 0 0 
1317 0 0 0 0 0 0 0 
1318 0 0 0 0 0 0 0 
1319 0 0 0 0 0 0 0 
1320 1 1 1 1 1 1 1 
1321 0 0 0 0 0 0 0 
1322 1 1 1 1 1 1 1 
1323 0 0 0 0 0 0 0 
1324 0 0 0 0 0 0 0 
1325 0 0 0 0 0 0 0 
1326 0 0 0 0 0 0 0 
1327 0 0 0 0 0 0 0 
1328 0 0 0 0 0 0 0 
1329 0 0 0 0 0 0 0 
1330 0 0 0 0 0 0 0 
1331 0 0 0 0 0 0 0 
1332 0 0 0 0 0 0 0 
1333 0 0 0 0 0 0 0 
1334 0 0 0 0 0 0 0 
1335 1 1 1 1 1 1 1 
1336 0 0 0 0 0 0 0 
1337 1 1 1 1 1 1 1 
1338 0 0 0 0 0 0 0 
1339 1 1 1 1 1 1 1 
1340 1 1 1 1 1 1 1 
1341 1 1 1 1 1 1 1 
1342 1 1 1 1 1 1 1 
1343 0 0 0 0 0 0 0 
1344 1 1 1 1 1 1 1 
1345 0 0 0 0 0 0 0 
1346 0 0 0 0 0 0 0 
1347 0 0 0 0 0 0 0 
1348 0 0 0 0 0 0 0 
1349 1 1 1 1 1 1 1 
1350 1 1 1 1 1 1 1 
1351 0 0 0 0 0 0 0 
1352 0 0 0 0 0 0 0 
1353 0 0 0 0 0 0 0 
1354 0 0 0 0 0 0 0 
1355 0 0 0 0 0 0 0 
1356 0 0 0 0 0 0 0 
1357 0 0 0 0 0 0 0 
1358 0 0 0 0 0 0 0 
1359 0 0 0 0 0 0 0 
1360 0 0 0 0 0 0 0 
1361 0 0 0 0 0 0 0 
1362 0 0 0 0 0 0 0 
1363 0 0 0 0 0 0 0 
1364 0 0 0 0 0 0 0 
1365 0 0 0 0 0 0 0 
1366 0 0 0 0 0 0 0 
1367 0 0 0 0 0 0 0 
1368 0 0 0 0 0 0 0 
1369 0 0 0 0 0 0 0 
1370 0 0 0 0 0 0 0 
1371 0 0 0 0 0 0 0 
1372 1 1 1 1 1 1 1 
1373 1 1 1 1 1 1 1 
1374 1 1 1 1 1 1 1 
1375 0 0 0 0 0 0 0 
1376 0 0 0 0 0 0 0 
1377 1 1 1 1 1 1 1 
1378 1 1 1 1 1 1 1 
1379 0 0 0 0 0 0 0 
1380 0 0 0 0 0 0 0 
1381 0 0 0 0 0 0 0 
1382 0 0 0 0 0 0 0 
1383 0 0 0 0 0 0 0 
1384 0 0 0 0 0 0 0 
1385 0 0 0 0 0 0 0 
1386 0 0 0 0 0 0 0 
1387 0 0 0 0 0 0 0 
1388 0 0 0 0 0 0 0 
1389 1 1 1 1 1 1 1 
1390 0 0 0 0 0 0 0 
1391 0 0 0 0 0 0 0 
1392 1 1 1 1 1 1 1 
1393 0 0 0 0 0 0 0 
1394 1 1 1 1 1 1 1 
1395 1 1 1 1 1 1 1 
1396 0 0 0 0 0 0 0 
1397 0 0 0 0 0 0 0 
1398 0 0 0 0 0 0 0 
1399 1 1 1 1 1 1 1 
1400 1 1 1 1 1 1 1 
1401 0 0 0 0 0 0 0 
1402 0 0 0 0 0 0 0 
1403 0 0 0 0 0 0 0 
1404 0 0 0 0 0 0 0 
1405 0 0 0 0 0 0 0 
1406 1 1 1 1 1 1 1 
1407 0 0 0 0 0 0 0 
1408 1 1 1 1 1 1 1 
1409 1 1 1 1 1 1 1 
1410 0 0 0 0 0 0 0 
1411 1 1 1 1 1 1 1 
1412 0 0 0 0 0 0 0 
1413 1 1 1 1 1 1 1 
1414 0 0 0 0 0 0 0 
1415 0 0 0 0 0 0 0 
1416 1 1 1 1 1 1 1 
1417 1 1 1 1 1 1 1 
1418 1 1 1 1 1 1 1 
1419 1 1 1 1 1 1 1 
1420 0 0 0 0 0 0 0 
1421 0 0 0 0 0 0 0 
1422 0 0 0 0 0 0 0 
1423 0 0 0 0 0 0 0 
1424 0 0 0 0 0 0 0 
1425 0 0 0 0 0 0 0 
1426 0 0 0 0 0 0 0 
1427 0 0 0 0 0 0 0 
1428 1 1 1 1 1 1 1 
1429 1 1 1 1 1 1 1 
1430 1 1 1 1 1 1 1 
1431 0 0 0 0 0 0 0 
1432 1 1 1 1 1 1 1 
1433 0 0 0 0 0 0 0 
1434 0 0 0 0 0 0 0 
1435 1 1 1 1 1 1 1 
1436 0 0 0 0 0 0 0 
1437 0 0 0 0 0 0 0 
1438 0 0 0 0 0 0 0 
1439 0 0 0 0 0 0 0 
1440 0 0 0 0 0 0 0 
1441 0 0 0 0 0 0 0 
1442 0 0 0 0 0 0 0 
1443 0 0 0 0 0 0 0 
1444 0 0 0 0 0 0 0 
1445 0 0 0 0 0 0 0 
1446 0 0 0 0 0 0 0 
1447 0 0 0 0 0 0 0 
1448 0 0 0 0 0 0 0 
1449 0 0 0 0 0 0 0 
1450 0 0 0 0 0 0 0 
1451 0 0 0 0 0 0 0 
1452 0 0 0 0 0 0 0 
1453 0 0 0 0 0 0 0 
1454 0 0 0 0 0 0 0 
1455 0 0 0 0 0 0 0 
1456 0 0 0 0 0 0 0 
1457 0 0 0 0 0 0 0 
1458 0 0 0 0 0 0 0 
1459 0 0 0 0 0 0 0 
1460 0 0 0 0 0 0 0 
1461 0 0 0 0 0 0 0 
1462 0 0 0 0 0 0 0 
1463 0 0 0 0 0 0 0 
1464 0 0 0 0 0 0 0 
1465 1 1 1 1 1 1 1 
1466 0 0 0 0 0 0 0 
1467 0 0 0 0 0 0 0 
1468 0 0 0 0 0 0 0 
1469 0 0 0 0 0 0 0 
1470 0 0 0 0 0 0 0 
1471 0 0 0 0 0 0 0 
1472 1 1 1 1 1 1 1 
1473 0 0 0 0 0 0 0 
1474 0 0 0 0 0 0 0 
1475 0 0 0 0 0 0 0 
1476 0 0 0 0 0 0 0 
1477 0 0 0 0 0 0 0 
1478 0 0 0 0 0 0 0 
1479 1 1 1 1 1 1 1 
1480 0 0 0 0 0 0 0 
1481 0 1 1 1 1 1 1 
1482 0 0 0 0 0 0 0 
1483 0 0 0 0 0 0 0 
1484 0 0 0 0 0 0 0 
1485 0 0 0 0 0 0 0 
1486 0 0 0 0 0 0 0 
1487 0 0 0 0 0 0 0 
1488 0 0 0 0 0 0 0 
1489 0 0 0 0 0 0 0 
1490 0 0 0 0 0 0 0 
1491 0 0 0 0 0 0 0 
1492 0 0 0 0 0 0 0 
1493 0 0 0 0 0 0 0 
1494 0 0 0 0 0 0 0 
1495 0 0 0 0 0 0 0 
1496 0 0 0 0 0 0 0 
1497 0 0 0 0 0 0 0 
1498 0 0 0 0 0 0 0 
1499 1 1 1 1 1 1 1 
1500 0 0 0 0 0 0 0 
1501 0 0 0 0 0 0 0 
1502 0 0 0 0 0 0 0 
1503 0 0 0 0 0 0 0 
1504 0 0 0 0 0 0 0 
1505 0 0 0 0 0 0 0 
1506 0 0 0 0 0 0 0 
1507 0 0 0 0 0 0 0 
1508 1 1 1 1 1 1 1 
1509 1 1 1 1 1 1 1 
1510 1 1 1 1 1 1 1 
1511 0 0 0 0 0 0 0 
1512 0 0 0 0 0 0 0 
1513 0 0 0 0 0 0 0 
1514 0 0 0 0 0 0 0 
1515 0 0 0 0 0 0 0 
1516 1 1 1 1 1 1 1 
1517 0 0 0 0 0 0 0 
1518 1 1 1 1 1 1 1 
1519 0 0 0 0 0 0 0 
1520 1 1 1 1 1 1 1 
1521 1 1 1 1 1 1 1 
1522 1 1 1 1 1 1 1 
1523 1 1 1 1 1 1 1 
1524 0 1 1 1 1 1 1 
1525 0 0 0 0 0 0 0 
1526 0 0 0 0 0 0 0 
1527 0 0 0 0 0 0 0 
1528 0 0 0 0 0 0 0 
1529 1 1 1 1 1 1 1 
1530 1 1 1 1 1 1 1 
1531 0 0 0 0 0 0 0 
1532 0 0 0 0 0 0 0 
1533 0 0 0 0 0 0 0 
1534 1 1 1 1 1 1 1 
1535 0 0 0 0 0 0 0 
1536 1 1 1 1 1 1 1 
1537 0 0 0 0 0 0 0 
1538 1 1 1 1 1 1 1 
1539 1 1 1 1 1 1 1 
1540 0 0 0 0 0 0 0 
1541 1 1 1 1 1 1 1 
1542 1 1 1 1 1 1 1 
1543 1 1 1 1 1 1 1 
1544 0 0 0 0 0 0 0 
1545 0 0 0 0 0 0 0 
1546 0 0 0 0 0 0 0 
1547 0 0 0 0 0 0 0 
1548 0 0 0 0 0 0 0 
1549 0 0 0 0 0 0 0 
1550 0 0 0 0 0 0 0 
1551 0 0 0 0 0 0 0 
1552 0 0 0 0 0 0 0 
1553 1 1 1 1 1 1 1 
1554 1 1 1 1 1 1 1 
1555 1 1 1 1 1 1 1 
1556 1 1 1 1 1 1 1 
1557 1 1 1 1 1 1 1 
1558 1 1 1 1 1 1 1 
1559 1 1 1 1 1 1 1 
1560 1 1 1 1 1 1 1 
1561 0 0 0 0 0 0 0 
1562 0 0 0 0 0 0 0 
1563 1 1 1 1 1 1 1 
1564 1 1 1 1 1 1 1 
1565 0 0 0 0 0 0 0 
1566 0 0 0 0 0 0 0 
1567 0 0 0 0 0 0 0 
1568 0 0 0 0 0 0 0 
1569 0 0 0 0 0 0 0 
1570 1 1 1 1 1 1 1 
1571 1 1 1 1 1 1 1 
1572 1 1 1 1 1 1 1 
1573 1 1 1 1 1 1 1 
1574 0 0 0 0 0 0 0 
1575 0 0 0 0 0 0 0 
1576 0 0 0 0 0 0 0 
1577 0 0 0 0 0 0 0 
1578 0 0 0 0 0 0 0 
1579 0 0 0 0 0 0 0 
1580 0 0 0 0 0 0 0 
1581 0 0 0 0 0 0 0 
1582 0 0 0 0 0 0 0 
1583 0 0 0 0 0 0 0 
1584 0 0 0 0 0 0 0 
1585 1 1 1 1 1 1 1 
1586 1 1 1 1 1 1 1 
1587 1 1 1 1 1 1 1 
1588 1 1 1 1 1 1 1 
1589 1 1 1 1 1 1 1 
1590 0 0 0 0 0 0 0 
1591 0 0 0 0 0 0 0 
1592 0 0 0 0 0 0 0 
1593 0 0 0 0 0 0 0 
1594 0 0 0 0 0 0 0 
1595 0 0 0 0 0 0 0 
1596 0 0 0 0 0 0 0 
1597 0 0 0 0 0 0 0 
1598 0 0 0 0 0 0 0 
1599 0 0 0 0 0 0 0 
1600 1 1 1 1 1 1 1 
1601 1 1 1 1 1 1 1 
1602 1 1 1 1 1 1 1 
1603 1 1 1 1 1 1 1 
1604 1 1 1 1 1 1 1 
1605 0 0 0 0 0 0 0 
1606 0 0 0 0 0 0 0 
1607 1 1 1 1 1 1 1 
1608 0 0 0 0 0 0 0 
1609 0 0 0 0 0 0 0 
1610 1 1 1 1 1 1 1 
1611 1 1 1 1 1 1 1 
1612 1 1 1 1 1 1 1 
1613 0 0 0 0 0 0 0 
1614 1 1 1 1 1 1 1 
1615 1 1 1 1 1 1 1 
1616 0 0 0 0 0 0 0 
1617 0 0 0 0 0 0 0 
1618 1 1 1 1 1 1 1 
1619 1 1 1 1 1 1 1 
1620 0 0 0 0 0 0 0 
1621 0 0 0 0 0 0 0 
1622 0 0 0 0 0 0 0 
1623 0 0 0 0 0 0 0 
1624 0 0 0 0 0 0 0 
1625 0 0 0 0 0 0 0 
1626 0 0 0 0 0 0 0 
1627 0 0 0 0 0 0 0 
1628 0 0 0 0 0 0 0 
1629 0 0 0 0 0 0 0 
1630 0 0 0 0 0 0 0 
1631 0 0 0 0 0 0 0 
1632 0 0 0 0 0 0 0 
1633 0 0 0 0 0 0 0 
1634 0 0 0 0 0 0 0 
1635 1 1 1 1 1 1 1 
1636 1 1 1 1 1 1 1 
1637 0 0 0 0 0 0 0 
1638 1 1 1 1 1 1 1 
1639 1 1 1 1 1 1 1 
1640 1 1 1 1 1 1 1 
1641 1 1 1 1 1 1 1 
1642 0 0 0 0 0 0 0 
1643 0 0 0 0 0 0 0 
1644 1 1 1 1 1 1 1 
1645 0 0 0 0 0 0 0 
1646 1 1 1 1 1 1 1 
1647 0 0 0 0 0 0 0 
1648 0 0 0 0 0 0 0 
1649 1 1 1 1 1 1 1 
1650 1 1 1 1 1 1 1 
1651 0 0 0 0 0 0 0 
1652 1 1 1 1 1 1 1 
1653 1 1 1 1 1 1 1 
1654 0 0 0 0 0 0 0 
1655 0 0 0 0 0 0 0 
1656 1 1 1 1 1 1 1 
1657 1 1 1 1 1 1 1 
1658 1 1 1 1 1 1 1 
1659 0 0 0 0 0 0 0 
1660 0 0 0 0 0 0 0 
1661 1 1 1 1 1 1 1 
1662 1 1 1 1 1 1 1 
1663 1 1 1 1 1 1 1 
1664 0 0 0 0 0 0 0 
1665 1 1 1 1 1 1 1 
1666 1 1 1 1 1 1 1 
1667 0 0 0 0 0 0 0 
1668 1 1 1 1 1 1 1 
1669 0 0 0 0 0 0 0 
1670 0 0 0 0 0 0 0 
1671 0 0 0 0 0 0 0 
1672 1 1 1 1 1 1 1 
1673 0 0 0 0 0 0 0 
1674 1 1 1 1 1 1 1 
1675 0 0 0 0 0 0 0 
1676 1 1 1 1 1 1 1 
1677 0 0 0 0 0 0 0 
1678 0 0 0 0 0 0 0 
1679 0 0 0 0 0 0 0 
1680 0 0 0 0 0 0 0 
1681 0 0 0 0 0 0 0 
1682 1 1 1 1 1 1 1 
1683 1 1 1 1 1 1 1 
1684 0 0 0 0 0 0 0 
1685 1 1 1 1 1 1 1 
1686 0 0 0 0 0 0 0 
1687 1 1 1 1 1 1 1 
1688 0 0 0 0 0 0 0 
1689 0 0 0 0 0 0 0 
1690 0 0 0 0 0 0 0 
1691 0 0 0 0 0 0 0 
1692 1 1 1 1 1 1 1 
1693 0 0 0 0 0 0 0 
1694 1 1 1 1 1 1 1 
1695 1 1 1 1 1 1 1 
1696 0 0 0 0 0 0 0 
1697 0 0 0 0 0 0 0 
1698 0 0 0 0 0 0 0 
1699 1 1 1 1 1 1 1 
1700 0 0 0 0 0 0 0 
1701 0 0 0 0 0 0 0 
1702 0 0 0 0 0 0 0 
1703 1 1 1 1 1 1 1 
1704 1 1 1 1 1 1 1 
1705 1 1 1 1 1 1 1 
1706 0 0 0 0 0 0 0 
1707 1 1 1 1 1 1 1 
1708 1 1 1 1 1 1 1 
1709 0 0 0 0 0 0 0 
1710 1 1 1 1 1 1 1 
1711 0 0 0 0 0 0 0 
1712 0 0 0 0 0 0 0 
1713 0 0 0 0 0 0 0 
1714 1 1 1 1 1 1 1 
1715 0 1 1 1 1 1 1 
1716 0 0 0 0 0 0 0 
1717 0 0 0 0 0 0 0 
1718 1 1 1 1 1 1 1 
1719 1 1 1 1 1 1 1 
1720 0 0 0 0 0 0 0 
1721 0 0 0 0 0 0 0 
1722 1 1 1 1 1 1 1 
1723 0 0 0 0 0 0 0 
1724 0 0 0 0 0 0 0 
1725 0 0 0 0 0 0 0 
1726 1 1 1 1 1 1 1 
1727 1 1 1 1 1 1 1 
1728 0 0 0 0 0 0 0 
1729 0 0 0 0 0 0 0 
1730 0 0 0 0 0 0 0 
1731 0 0 0 0 0 0 0 
1732 1 1 1 1 1 1 1 
1733 0 0 0 0 0 0 0 
1734 1 1 1 1 1 1 1 
1735 0 0 0 0 0 0 0 
1736 0 0 0 0 0 0 0 
1737 0 0 0 0 0 0 0 
1738 0 0 0 0 0 0 0 
1739 0 0 0 0 0 0 0 
1740 0 0 0 0 0 0 0 
1741 0 0 0 0 0 0 0 
1742 0 0 0 0 0 0 0 
1743 1 1 1 1 1 1 1 
1744 0 0 0 0 0 0 0 
1745 0 0 0 0 0 0 0 
1746 0 0 0 0 0 0 0 
1747 0 0 0 0 0 0 0 
1748 0 0 0 0 0 0 0 
1749 0 0 0 0 0 0 0 
1750 0 0 0 0 0 0 0 
1751 1 1 1 1 1 1 1 
1752 0 0 0 0 0 0 0 
1753 1 1 1 1 1 1 1 
1754 1 1 1 1 1 1 1 
1755 0 0 0 0 0 0 0 
1756 0 0 0 0 0 0 0 
1757 0 0 0 0 0 0 0 
1758 0 0 0 0 0 0 0 
1759 0 0 0 0 0 0 0 
1760 0 0 0 0 0 0 0 
1761 0 0 0 0 0 0 0 
1762 0 0 0 0 0 0 0 
1763 0 0 0 0 0 0 0 
1764 0 0 0 0 0 0 0 
1765 0 0 0 0 0 0 0 
1766 1 1 1 1 1 1 1 
1767 0 0 0 0 0 0 0 
1768 1 1 1 1 1 1 1 
1769 0 0 0 0 0 0 0 
1770 1 1 1 1 1 1 1 
1771 0 0 0 0 0 0 0 
1772 0 0 0 0 0 0 0 
1773 1 1 1 1 1 1 1 
1774 1 1 1 1 1 1 1 
1775 0 0 0 0 0 0 0 
1776 1 1 1 1 1 1 1 
1777 1 1 1 1 1 1 1 
1778 0 0 0 0 0 0 0 
1779 0 0 0 0 0 0 0 
1780 1 1 1 1 1 1 1 
1781 0 0 0 0 0 0 0 
1782 0 0 0 0 0 0 0 
1783 1 1 1 1 1 1 1 
1784 1 1 1 1 1 1 1 
1785 1 1 1 1 1 1 1 
1786 1 1 1 1 1 1 1 
1787 1 1 1 1 1 1 1 
1788 0 0 0 0 0 0 0 
1789 0 0 0 0 0 0 0 
1790 0 0 0 0 0 0 0 
1791 0 0 0 0 0 0 0 
1792 0 0 0 0 0 0 0 
1793 0 0 0 0 0 0 0 
1794 0 0 0 0 0 0 0 
1795 0 0 0 0 0 0 0 
1796 0 0 0 0 0 0 0 
1797 0 0 0 0 0 0 0 
1798 0 0 0 0 0 0 0 
1799 0 0 0 0 0 0 0 
1800 0 0 0 0 0 0 0 
1801 0 0 0 0 0 0 0 
1802 0 0 0 0 0 0 0 
1803 0 0 0 0 0 0 0 
1804 0 0 0 0 0 0 0 
1805 0 0 0 0 0 0 0 
1806 0 0 0 0 0 0 0 
1807 0 0 0 0 0 0 0 
1808 0 0 0 0 0 0 0 
1809 0 0 0 0 0 0 0 
1810 0 0 0 0 0 0 0 
1811 0 0 0 0 0 0 0 
1812 1 1 1 1 1 1 1 
1813 1 1 1 1 1 1 1 
1814 0 0 0 0 0 0 0 
1815 1 1 1 1 1 1 1 
1816 1 1 1 1 1 1 1 
1817 1 1 1 1 1 1 1 
1818 1 1 1 1 1 1 1 
1819 0 0 0 0 0 0 0 
1820 0 0 0 0 0 0 0 
1821 1 1 1 1 1 1 1 
1822 1 1 1 1 1 1 1 
1823 0 0 0 0 0 0 0 
1824 1 1 1 1 1 1 1 
1825 0 0 0 0 0 0 0 
1826 0 0 0 0 0 0 0 
1827 1 1 1 1 1 1 1 
1828 1 1 1 1 1 1 1 
1829 1 1 1 1 1 1 1 
1830 0 0 0 0 0 0 0 
1831 0 0 0 0 0 0 0 
1832 0 0 0 0 0 0 0 
1833 0 0 0 0 0 0 0 
1834 1 1 1 1 1 1 1 
1835 1 1 1 1 1 1 1 
1836 0 0 0 0 0 0 0 
1837 0 0 0 0 0 0 0 
1838 0 0 0 0 0 0 0 
1839 0 0 0 0 0 0 0 
1840 0 0 0 0 0 0 0 
1841 0 0 0 0 0 0 0 
1842 1 1 1 1 1 1 1 
1843 1 1 1 1 1 1 1 
1844 0 0 0 0 0 0 0 
1845 0 0 0 0 0 0 0 
1846 0 0 0 0 0 0 0 
1847 1 1 1 1 1 1 1 
1848 0 0 0 0 0 0 0 
1849 1 1 1 1 1 1 1 
1850 1 1 1 1 1 1 1 
1851 1 1 1 1 1 1 1 
1852 1 1 1 1 1 1 1 
1853 0 0 0 0 0 0 0 
1854 1 1 1 1 1 1 1 
1855 1 1 1 1 1 1 1 
1856 1 1 1 1 1 1 1 
1857 0 0 0 0 0 0 0 
1858 0 0 0 0 0 0 0 
1859 1 1 1 1 1 1 1 
1860 1 1 1 1 1 1 1 
1861 0 0 0 0 0 0 0 
1862 0 0 0 0 0 0 0 
1863 0 0 0 0 0 0 0 
1864 0 0 0 0 0 0 0 
1865 0 0 0 0 0 0 0 
1866 0 0 0 0 0 0 0 
1867 0 0 0 0 0 0 0 
1868 1 1 1 1 1 1 1 
1869 1 1 1 1 1 1 1 
1870 1 1 1 1 1 1 1 
1871 1 1 1 1 1 1 1 
1872 0 0 0 0 0 0 0 
1873 1 1 1 1 1 1 1 
1874 1 1 1 1 1 1 1 
1875 1 1 1 1 1 1 1 
1876 0 0 0 0 0 0 0 
1877 1 1 1 1 1 1 1 
1878 0 0 0 0 0 0 0 
1879 0 0 0 0 0 0 0 
1880 0 0 0 0 0 0 0 
1881 0 0 0 0 0 0 0 
1882 1 1 1 1 1 1 1 
1883 0 0 0 0 0 0 0 
1884 0 0 0 0 0 0 0 
1885 0 0 0 0 0 0 0 
1886 0 0 0 0 0 0 0 
1887 0 0 0 0 0 0 0 
1888 0 0 0 0 0 0 0 
1889 1 1 1 1 1 1 1 
1890 0 0 0 0 0 0 0 
1891 0 0 0 0 0 0 0 
1892 0 0 0 0 0 0 0 
1893 0 0 0 0 0 0 0 
1894 0 0 0 0 0 0 0 
1895 1 1 1 1 1 1 1 
1896 0 0 0 0 0 0 0 
1897 0 0 0 0 0 0 0 
1898 0 0 0 0 0 0 0 
1899 0 0 0 0 0 0 0 
1900 0 0 0 0 0 0 0 
1901 1 1 1 1 1 1 1 
1902 1 1 1 1 1 1 1 
1903 1 1 1 1 1 1 1 
1904 1 1 1 1 1 1 1 
1905 0 0 0 0 0 0 0 
1906 1 1 1 1 1 1 1 
1907 0 0 0 0 0 0 0 
1908 0 0 0 0 0 0 0 
1909 1 1 1 1 1 1 1 
1910 0 0 0 0 0 0 0 
1911 1 1 1 1 1 1 1 
1912 0 0 0 0 0 0 0 
1913 0 0 0 0 0 0 0 
1914 1 1 1 1 1 1 1 
1915 1 1 1 1 1 1 1 
1916 0 0 0 0 0 0 0 
1917 0 0 0 0 0 0 0 
1918 0 0 0 0 0 0 0 
1919 0 0 0 0 0 0 0 
1920 0 0 0 0 0 0 0 
1921 0 0 0 0 0 0 0 
1922 0 0 0 0 0 0 0 
1923 0 0 0 0 0 0 0 
1924 0 0 0 0 0 0 0 
1925 0 0 0 0 0 0 0 
1926 0 0 0 0 0 0 0 
1927 0 0 0 0 0 0 0 
1928 1 1 1 1 1 1 1 
1929 0 0 0 0 0 0 0 
1930 1 1 1 1 1 1 1 
1931 1 1 1 1 1 1 1 
1932 0 0 0 0 0 0 0 
1933 0 0 0 0 0 0 0 
1934 1 1 1 1 1 1 1 
1935 1 1 1 1 1 1 1 
1936 0 0 0 0 0 0 0 
1937 1 1 1 1 1 1 1 
1938 1 1 1 1 1 1 1 
1939 1 1 1 1 1 1 1 
1940 1 1 1 1 1 1 1 
1941 1 1 1 1 1 1 1 
1942 1 1 1 1 1 1 1 
1943 0 0 0 0 0 0 0 
1944 1 1 1 1 1 1 1 
1945 0 0 0 0 0 0 0 
1946 0 0 0 0 0 0 0 
1947 0 0 0 0 0 0 0 
1948 0 0 0 0 0 0 0 
1949 1 1 1 1 1 1 1 
1950 1 1 1 1 1 1 1 
1951 1 1 1 1 1 1 1 
1952 1 1 1 1 1 1 1 
1953 1 1 1 1 1 1 1 
1954 0 0 0 0 0 0 0 
1955 1 1 1 1 1 1 1 
1956 1 1 1 1 1 1 1 
1957 1 1 1 1 1 1 1 
1958 0 0 0 0 0 0 0 
1959 0 0 0 0 0 0 0 
1960 0 0 0 0 0 0 0 
1961 0 0 0 0 0 0 0 
1962 0 0 0 0 0 0 0 
1963 0 0 0 0 0 0 0 
1964 0 0 0 0 0 0 0 
1965 0 0 0 0 0 0 0 
1966 1 1 1 1 1 1 1 
1967 1 1 1 1 1 1 1 
1968 1 1 1 1 1 1 1 
1969 0 0 0 0 0 0 0 
1970 0 0 0 0 0 0 0 
1971 0 0 0 0 0 0 0 
1972 1 1 1 1 1 1 1 
1973 1 1 1 1 1 1 1 
1974 1 1 1 1 1 1 1 
1975 0 0 0 0 0 0 0 
1976 1 1 1 1 1 1 1 
1977 0 0 0 0 0 0 0 
1978 1 1 1 1 1 1 1 
1979 0 0 0 0 0 0 0 
1980 1 1 1 1 1 1 1 
1981 1 1 1 1 1 1 1 
1982 1 1 1 1 1 1 1 
1983 0 0 0 0 0 0 0 
1984 1 1 1 1 1 1 1 
1985 1 1 1 1 1 1 1 
1986 1 1 1 1 1 1 1 
1987 0 0 0 0 0 0 0 
1988 0 0 0 0 0 0 0 
1989 0 0 0 0 0 0 0 
1990 0 0 0 0 0 0 0 
1991 1 1 1 1 1 1 1 
1992 1 1 1 1 1 1 1 
1993 0 0 0 0 0 0 0 
1994 0 0 0 0 0 0 0 
1995 0 0 0 0 0 0 0 
1996 0 0 0 0 0 0 0 
1997 0 0 0 0 0 0 0 
1998 0 0 0 0 0 0 0 
1999 0 0 0 0 0 0 0 
2000 1 1 1 1 1 1 1 
2001 1 1 1 1 1 1 1 
2002 1 1 1 1 1 1 1 
2003 1 1 1 1 1 1 1 
2004 1 1 1 1 1 1 1 
2005 0 0 0 0 0 0 0 
2006 1 1 1 1 1 1 1 
2007 1 1 1 1 1 1 1 
2008 1 1 1 1 1 1 1 
2009 0 0 0 0 0 0 0 
2010 1 1 1 1 1 1 1 
2011 0 0 0 0 0 0 0 
2012 0 0 0 0 0 0 0 
2013 1 1 1 1 1 1 1 
2014 0 0 0 0 0 0 0 
2015 0 0 0 0 0 0 0 
2016 0 0 0 0 0 0 0 
2017 0 0 0 0 0 0 0 
2018 1 1 1 1 1 1 1 
2019 1 1 1 1 1 1 1 
2020 0 0 0 0 0 0 0 
2021 0 0 0 0 0 0 0 
2022 0 0 0 0 0 0 0 
2023 0 0 0 0 0 0 0 
2024 0 0 0 0 0 0 0 
2025 0 0 0 0 0 0 0 
2026 0 0 0 0 0 0 0 
2027 0 0 0 0 0 0 0 
2028 0 0 0 0 0 0 0 
2029 0 0 0 0 0 0 0 
2030 1 1 1 1 1 1 1 
2031 1 1 1 1 1 1 1 
2032 0 0 0 0 0 0 0 
2033 0 0 0 0 0 0 0 
2034 0 0 0 0 0 0 0 
2035 0 0 0 0 0 0 0 
2036 0 0 0 0 0 0 0 
2037 0 0 0 0 0 0 0 
2038 0 0 0 0 0 0 0 
2039 1 1 1 1 1 1 1 
2040 1 1 1 1 1 1 1 
2041 1 1 1 1 1 1 1 
2042 0 0 0 0 0 0 0 
2043 0 0 0 0 0 0 0 
2044 0 0 0 0 0 0 0 
2045 1 1 1 1 1 1 1 
2046 0 0 0 0 0 0 0 
2047 1 1 1 1 1 1 1 
2048 0 0 0 0 0 0 0 
2049 0 0 0 0 0 0 0 
2050 0 0 0 0 0 0 0 
2051 0 0 0 0 0 0 0 
2052 0 0 0 0 0 0 0 
2053 0 0 0 0 0 0 0 
2054 0 0 0 0 0 0 0 
2055 0 0 0 0 0 0 0 
2056 0 0 0 0 0 0 0 
2057 0 0 0 0 0 0 0 
2058 0 0 0 0 0 0 0 
2059 0 0 0 0 0 0 0 
2060 0 0 0 0 0 0 0 
2061 1 1 1 1 1 1 1 
2062 0 0 0 0 0 0 0 
2063 0 0 0 0 0 0 0 
2064 0 0 0 0 0 0 0 
2065 0 0 0 0 0 0 0 
2066 0 0 0 0 0 0 0 
2067 0 0 0 0 0 0 0 
2068 0 0 0 0 0 0 0 
2069 0 0 0 0 0 0 0 
2070 0 0 0 0 0 0 0 
2071 0 0 0 0 0 0 0 
2072 0 0 0 0 0 0 0 
2073 0 0 0 0 0 0 0 
2074 0 0 0 0 0 0 0 
2075 0 0 0 0 0 0 0 
2076 0 0 0 0 0 0 0 
2077 0 0 0 0 0 0 0 
2078 0 0 0 0 0 0 0 
2079 0 0 0 0 0 0 0 
2080 0 0 0 0 0 0 0 
2081 0 0 0 0 0 0 0 
2082 0 0 0 0 0 0 0 
2083 0 0 0 0 0 0 0 
2084 0 0 0 0 0 0 0 
2085 0 0 0 0 0 0 0 
2086 0 0 0 0 0 0 0 
2087 0 0 0 0 0 0 0 
2088 0 0 0 0 0 0 0 
2089 0 0 0 0 0 0 0 
2090 0 0 0 0 0 0 0 
2091 0 0 0 0 0 0 0 
2092 1 1 1 1 1 1 1 
2093 0 0 0 0 0 0 0 
2094 0 0 0 0 0 0 0 
2095 0 0 0 0 0 0 0 
2096 0 0 0 0 0 0 0 
2097 0 0 0 0 0 0 0 
2098 0 0 0 0 0 0 0 
2099 1 1 1 1 1 1 1 
2100 0 0 0 0 0 0 0 
2101 1 1 1 1 1 1 1 
2102 0 0 0 0 0 0 0 
2103 0 0 0 0 0 0 0 
2104 1 1 1 1 1 1 1 
2105 1 1 1 1 1 1 1 
2106 1 1 1 1 1 1 1 
2107 0 0 0 0 0 0 0 
2108 0 0 0 0 0 0 0 
2109 0 1 1 1 1 1 1 
2110 0 0 0 0 0 0 0 
2111 0 0 0 0 0 0 0 
2112 1 1 1 1 1 1 1 
2113 0 0 0 0 0 0 0 
2114 1 1 1 1 1 1 1 
2115 1 1 1 1 1 1 1 
2116 1 1 1 1 1 1 1 
2117 1 1 1 1 1 1 1 
2118 0 0 0 0 0 0 0 
2119 0 0 0 0 0 0 0 
2120 0 0 0 0 0 0 0 
2121 0 0 0 0 0 0 0 
2122 1 1 1 1 1 1 1 
2123 1 1 1 1 1 1 1 
2124 0 0 0 0 0 0 0 
2125 0 0 0 0 0 0 0 
2126 1 1 1 1 1 1 1 
2127 0 0 0 0 0 0 0 
2128 0 0 0 0 0 0 0 
2129 0 0 0 0 0 0 0 
2130 1 1 1 1 1 1 1 
2131 1 1 1 1 1 1 1 
2132 1 1 1 1 1 1 1 
2133 0 0 0 0 0 0 0 
2134 0 0 0 0 0 0 0 
2135 0 0 0 0 0 0 0 
2136 1 1 1 1 1 1 1 
2137 1 1 1 1 1 1 1 
2138 1 1 1 1 1 1 1 
2139 1 1 1 1 1 1 1 
2140 1 1 1 1 1 1 1 
2141 1 1 1 1 1 1 1 
2142 1 1 1 1 1 1 1 
2143 0 0 0 0 0 0 0 
2144 1 1 1 1 1 1 1 
2145 0 0 0 0 0 0 0 
2146 0 0 0 0 0 0 0 
2147 0 0 0 0 0 0 0 
2148 1 1 1 1 1 1 1 
2149 0 0 0 0 0 0 0 
2150 0 0 0 0 0 0 0 
2151 0 0 0 0 0 0 0 
2152 0 0 0 0 0 0 0 
2153 0 0 0 0 0 0 0 
2154 1 1 1 1 1 1 1 
2155 1 1 1 1 1 1 1 
2156 1 1 1 1 1 1 1 
2157 0 0 0 0 0 0 0 
2158 1 1 1 1 1 1 1 
2159 1 1 1 1 1 1 1 
2160 0 0 0 0 0 0 0 
2161 1 1 1 1 1 1 1 
2162 0 0 0 0 0 0 0 
2163 1 1 1 1 1 1 1 
2164 1 1 1 1 1 1 1 
2165 0 0 0 0 0 0 0 
2166 0 0 0 0 0 0 0 
2167 0 0 0 0 0 0 0 
2168 0 0 0 0 0 0 0 
2169 0 0 0 0 0 0 0 
2170 1 1 1 1 1 1 1 
2171 0 0 0 0 0 0 0 
2172 1 1 1 1 1 1 1 
2173 0 0 0 0 0 0 0 
2174 1 1 1 1 1 1 1 
2175 0 0 0 0 0 0 0 
2176 0 0 0 0 0 0 0 
2177 0 0 0 0 0 0 0 
2178 0 0 0 0 0 0 0 
2179 0 0 0 0 0 0 0 
2180 1 1 1 1 1 1 1 
2181 1 1 1 1 1 1 1 
2182 1 1 1 1 1 1 1 
2183 0 0 0 0 0 0 0 
2184 0 0 0 0 0 0 0 
2185 0 0 0 0 0 0 0 
2186 0 0 0 0 0 0 0 
2187 0 0 0 0 0 0 0 
2188 0 0 0 0 0 0 0 
2189 0 0 0 0 0 0 0 
2190 0 0 0 0 0 0 0 
2191 0 0 0 0 0 0 0 
2192 0 0 0 0 0 0 0 
2193 0 0 0 0 0 0 0 
2194 0 0 0 0 0 0 0 
2195 0 0 0 0 0 0 0 
2196 1 1 1 1 1 1 1 
2197 1 1 1 1 1 1 1 
2198 0 0 0 0 0 0 0 
2199 1 1 1 1 1 1 1 
2200 0 0 0 0 0 0 0 
2201 1 1 1 1 1 1 1 
2202 1 1 1 1 1 1 1 
2203 0 0 0 0 0 0 0 
2204 1 1 1 1 1 1 1 
2205 1 1 1 1 1 1 1 
2206 1 1 1 1 1 1 1 
2207 1 1 1 1 1 1 1 
2208 0 0 0 0 0 0 0 
2209 1 1 1 1 1 1 1 
2210 1 1 1 1 1 1 1 
2211 1 1 1 1 1 1 1 
2212 1 1 1 1 1 1 1 
2213 1 1 1 1 1 1 1 
2214 0 0 0 0 0 0 0 
2215 0 0 0 0 0 0 0 
2216 0 0 0 0 0 0 0 
2217 0 0 0 0 0 0 0 
2218 1 1 1 1 1 1 1 
2219 1 1 1 1 1 1 1 
2220 1 1 1 1 1 1 1 
2221 1 1 1 1 1 1 1 
2222 0 0 0 0 0 0 0 
2223 1 1 1 1 1 1 1 
2224 1 1 1 1 1 1 1 
2225 0 0 0 0 0 0 0 
2226 1 1 1 1 1 1 1 
2227 0 0 0 0 0 0 0 
2228 1 1 1 1 1 1 1 
2229 1 1 1 1 1 1 1 
2230 1 1 1 1 1 1 1 
2231 0 0 0 0 0 0 0 
2232 0 0 0 0 0 0 0 
2233 0 0 0 0 0 0 0 
2234 1 1 1 1 1 1 1 
2235 1 1 1 1 1 1 1 
2236 0 0 0 0 0 0 0 
2237 1 1 1 1 1 1 1 
2238 1 1 1 1 1 1 1 
2239 1 1 1 1 1 1 1 
2240 0 0 0 0 0 0 0 
2241 1 1 1 1 1 1 1 
2242 1 1 1 1 1 1 1 
2243 0 0 0 0 0 0 0 
2244 1 1 1 1 1 1 1 
2245 0 0 0 0 0 0 0 
2246 0 0 0 0 0 0 0 
2247 0 0 0 0 0 0 0 
2248 0 0 0 0 0 0 0 
2249 0 0 0 0 0 0 0 
2250 1 1 1 1 1 1 1 
2251 0 1 1 1 1 1 1 
2252 0 0 0 0 0 0 0 
2253 0 0 0 0 0 0 0 
2254 1 1 1 1 1 1 1 
2255 0 0 0 0 0 0 0 
2256 0 0 0 0 0 0 0 
2257 0 0 0 0 0 0 0 
2258 0 0 0 0 0 0 0 
2259 0 0 0 0 0 0 0 
2260 0 0 0 0 0 0 0 
2261 1 1 1 1 1 1 1 
2262 1 1 1 1 1 1 1 
2263 0 0 0 0 0 0 0 
2264 1 1 1 1 1 1 1 
2265 0 0 0 0 0 0 0 
2266 1 1 1 1 1 1 1 
2267 1 1 1 1 1 1 1 
2268 1 1 1 1 1 1 1 
2269 1 1 1 1 1 1 1 
2270 0 0 0 0 0 0 0 
2271 1 1 1 1 1 1 1 
2272 1 1 1 1 1 1 1 
2273 1 1 1 1 1 1 1 
2274 1 1 1 1 1 1 1 
2275 0 0 0 0 0 0 0 
2276 0 0 0 0 0 0 0 
2277 0 0 0 0 0 0 0 
2278 0 0 0 0 0 0 0 
2279 0 0 0 0 0 0 0 
2280 0 0 0 0 0 0 0 
2281 0 0 0 0 0 0 0 
2282 0 0 0 0 0 0 0 
2283 0 0 0 0 0 0 0 
2284 0 0 0 0 0 0 0 
2285 0 0 0 0 0 0 0 
2286 0 0 0 0 0 0 0 
2287 0 0 0 0 0 0 0 
2288 0 0 0 0 0 0 0 
2289 0 0 0 0 0 0 0 
2290 0 0 0 0 0 0 0 
2291 0 0 0 0 0 0 0 
2292 1 1 1 1 1 1 1 
2293 0 0 0 0 0 0 0 
2294 1 1 1 1 1 1 1 
2295 1 1 1 1 1 1 1 
2296 1 1 1 1 1 1 1 
2297 0 0 0 0 0 0 0 
2298 0 0 0 0 0 0 0 
2299 0 0 0 0 0 0 0 
2300 1 1 1 1 1 1 1 
2301 1 1 1 1 1 1 1 
2302 1 1 1 1 1 1 1 
2303 1 1 1 1 1 1 1 
2304 1 1 1 1 1 1 1 
2305 1 1 1 1 1 1 1 
2306 0 0 0 0 0 0 0 
2307 0 0 0 0 0 0 0 
2308 0 0 0 0 0 0 0 
2309 0 0 0 0 0 0 0 
2310 0 0 0 0 0 0 0 
2311 1 1 1 1 1 1 1 
2312 1 1 1 1 1 1 1 
2313 0 0 0 0 0 0 0 
2314 0 0 0 0 0 0 0 
2315 1 1 1 1 1 1 1 
2316 0 0 0 0 0 0 0 
2317 0 0 0 0 0 0 0 
2318 1 1 1 1 1 1 1 
2319 1 1 1 1 1 1 1 
2320 0 0 0 0 0 0 0 
2321 1 1 1 1 1 1 1 
2322 0 0 0 0 0 0 0 
2323 0 0 0 0 0 0 0 
2324 0 0 0 0 0 0 0 
2325 0 0 0 0 0 0 0 
2326 0 0 0 0 0 0 0 
2327 0 0 0 0 0 0 0 
2328 0 0 0 0 0 0 0 
2329 1 1 1 1 1 1 1 
2330 1 1 1 1 1 1 1 
2331 0 0 0 0 0 0 0 
2332 1 1 1 1 1 1 1 
2333 0 0 0 0 0 0 0 
2334 0 0 0 0 0 0 0 
2335 0 0 0 0 0 0 0 
2336 0 0 0 0 0 0 0 
2337 0 0 0 0 0 0 0 
2338 0 0 0 0 0 0 0 
2339 0 0 0 0 0 0 0 
2340 1 1 1 1 1 1 1 
2341 1 1 1 1 1 1 1 
2342 0 0 0 0 0 0 0 
2343 1 1 1 1 1 1 1 
2344 1 1 1 1 1 1 1 
2345 1 1 1 1 1 1 1 
2346 0 0 0 0 0 0 0 
2347 1 1 1 1 1 1 1 
2348 1 1 1 1 1 1 1 
2349 0 0 0 0 0 0 0 
2350 1 1 1 1 1 1 1 
2351 0 0 0 0 0 0 0 
2352 1 1 1 1 1 1 1 
2353 1 1 1 1 1 1 1 
2354 0 0 0 0 0 0 0 
2355 0 0 0 0 0 0 0 
2356 1 1 1 1 1 1 1 
2357 1 1 1 1 1 1 1 
2358 1 1 1 1 1 1 1 
2359 0 0 0 0 0 0 0 
2360 1 1 1 1 1 1 1 
2361 0 0 0 0 0 0 0 
2362 1 1 1 1 1 1 1 
2363 0 0 0 0 0 0 0 
2364 1 1 1 1 1 1 1 
2365 0 0 0 0 0 0 0 
2366 1 1 1 1 1 1 1 
2367 1 1 1 1 1 1 1 
2368 0 0 0 0 0 0 0 
2369 0 0 0 0 0 0 0 
2370 0 0 0 0 0 0 0 
2371 0 0 0 0 0 0 0 
2372 0 0 0 0 0 0 0 
2373 0 0 0 0 0 0 0 
2374 0 0 0 0 0 0 0 
2375 0 0 0 0 0 0 0 
2376 1 1 1 1 1 1 1 
2377 0 0 0 0 0 0 0 
2378 0 0 0 0 0 0 0 
2379 0 0 0 0 0 0 0 
2380 0 0 0 0 0 0 0 
2381 0 0 0 0 0 0 0 
2382 0 0 0 0 0 0 0 
2383 0 0 0 0 0 0 0 
2384 0 0 0 0 0 0 0 
2385 0 0 0 0 0 0 0 
2386 0 0 0 0 0 0 0 
2387 0 0 0 0 0 0 0 
2388 0 0 0 0 0 0 0 
2389 1 1 1 1 1 1 1 
2390 0 0 0 0 0 0 0 
2391 0 0 0 0 0 0 0 
2392 0 0 0 0 0 0 0 
2393 0 0 0 0 0 0 0 
2394 0 0 0 0 0 0 0 
2395 0 0 0 0 0 0 0 
2396 1 1 1 1 1 1 1 
2397 1 1 1 1 1 1 1 
2398 0 0 0 0 0 0 0 
2399 1 1 1 1 1 1 1 
2400 1 1 1 1 1 1 1 
2401 1 1 1 1 1 1 1 
2402 0 0 0 0 0 0 0 
2403 0 0 0 0 0 0 0 
2404 1 1 1 1 1 1 1 
2405 1 1 1 1 1 1 1 
2406 1 1 1 1 1 1 1 
2407 0 0 0 0 0 0 0 
2408 0 0 0 0 0 0 0 
2409 1 1 1 1 1 1 1 
2410 0 0 0 0 0 0 0 
2411 1 1 1 1 1 1 1 
2412 1 1 1 1 1 1 1 
2413 1 1 1 1 1 1 1 
2414 1 1 1 1 1 1 1 
2415 0 0 0 0 0 0 0 
2416 1 1 1 1 1 1 1 
2417 0 0 0 0 0 0 0 
2418 0 0 0 0 0 0 0 
2419 0 0 0 0 0 0 0 
2420 0 0 0 0 0 0 0 
2421 0 0 0 0 0 0 0 
2422 0 0 0 0 0 0 0 
2423 0 0 0 0 0 0 0 
2424 0 0 0 0 0 0 0 
2425 0 0 0 0 0 0 0 
2426 0 0 0 0 0 0 0 
2427 0 0 0 0 0 0 0 
2428 0 0 0 0 0 0 0 
2429 0 0 0 0 0 0 0 
2430 0 0 0 0 0 0 0 
2431 0 0 0 0 0 0 0 
2432 1 1 1 1 1 1 1 
2433 1 1 1 1 1 1 1 
2434 0 0 0 0 0 0 0 
2435 0 0 0 0 0 0 0 
2436 0 0 0 0 0 0 0 
2437 0 0 0 0 0 0 0 
2438 0 0 0 0 0 0 0 
2439 0 0 0 0 0 0 0 
2440 0 0 0 0 0 0 0 
2441 0 0 0 0 0 0 0 
2442 0 0 0 0 0 0 0 
2443 0 0 0 0 0 0 0 
2444 0 0 0 0 0 0 0 
2445 0 0 0 0 0 0 0 
2446 0 0 0 0 0 0 0 
2447 0 0 0 0 0 0 0 
2448 0 0 0 0 0 0 0 
2449 0 0 0 0 0 0 0 
2450 0 0 0 0 0 0 0 
2451 0 0 0 0 0 0 0 
2452 0 0 0 0 0 0 0 
2453 1 1 1 1 1 1 1 
2454 1 1 1 1 1 1 1 
2455 1 1 1 1 1 1 1 
2456 1 1 1 1 1 1 1 
2457 0 0 0 0 0 0 0 
2458 0 0 0 0 0 0 0 
2459 0 0 0 0 0 0 0 
2460 0 0 0 0 0 0 0 
2461 0 0 0 0 0 0 0 
2462 0 0 0 0 0 0 0 
2463 1 1 1 1 1 1 1 
2464 1 1 1 1 1 1 1 
2465 0 0 0 0 0 0 0 
2466 1 1 1 1 1 1 1 
2467 0 0 0 0 0 0 0 
2468 1 1 1 1 1 1 1 
2469 0 0 0 0 0 0 0 
2470 0 0 0 0 0 0 0 
2471 0 0 0 0 0 0 0 
2472 0 0 0 0 0 0 0 
2473 1 1 1 1 1 1 1 
2474 0 0 0 0 0 0 0 
2475 0 0 0 0 0 0 0 
2476 0 0 0 0 0 0 0 
2477 0 0 0 0 0 0 0 
2478 0 0 0 0 0 0 0 
2479 0 0 0 0 0 0 0 
2480 0 0 0 0 0 0 0 
2481 1 1 1 1 1 1 1 
2482 1 1 1 1 1 1 1 
2483 1 1 1 1 1 1 1 
2484 0 0 0 0 0 0 0 
2485 0 0 0 0 0 0 0 
2486 1 1 1 1 1 1 1 
2487 0 0 0 0 0 0 0 
2488 0 0 0 0 0 0 0 
2489 0 0 0 0 0 0 0 
2490 0 0 0 0 0 0 0 
2491 0 0 0 0 0 0 0 
2492 0 0 0 0 0 0 0 
2493 0 0 0 0 0 0 0 
2494 0 0 0 0 0 0 0 
2495 0 0 0 0 0 0 0 
2496 0 0 0 0 0 0 0 
2497 1 1 1 1 1 1 1 
2498 1 1 1 1 1 1 1 
2499 0 0 0 0 0 0 0 
2500 0 0 0 0 0 0 0 
2501 1 1 1 1 1 1 1 
2502 1 1 1 1 1 1 1 
2503 0 0 0 0 0 0 0 
2504 0 0 0 0 0 0 0 
2505 1 1 1 1 1 1 1 
2506 1 1 1 1 1 1 1 
2507 0 0 0 0 0 0 0 
2508 0 1 1 1 1 1 1 
2509 1 1 1 1 1 1 1 
2510 0 0 0 0 0 0 0 
2511 0 0 0 0 0 0 0 
2512 1 1 1 1 1 1 1 
2513 0 0 0 0 0 0 0 
2514 0 1 1 1 1 1 1 
2515 1 1 1 1 1 1 1 
2516 1 1 1 1 1 1 1 
2517 1 1 1 1 1 1 1 
2518 0 0 0 0 0 0 0 
2519 0 0 0 0 0 0 0 
2520 1 1 1 1 1 1 1 
2521 0 0 0 0 0 0 0 
2522 0 0 0 0 0 0 0 
2523 0 0 0 0 0 0 0 
2524 0 0 0 0 0 0 0 
2525 0 0 0 0 0 0 0 
2526 0 0 0 0 0 0 0 
2527 0 0 0 0 0 0 0 
2528 0 0 0 0 0 0 0 
2529 0 0 0 0 0 0 0 
2530 0 0 0 0 0 0 0 
2531 0 0 0 0 0 0 0 
2532 0 0 0 0 0 0 0 
2533 0 0 0 0 0 0 0 
2534 1 1 1 1 1 1 1 
2535 1 1 1 1 1 1 1 
2536 0 0 0 0 0 0 0 
2537 0 0 0 0 0 0 0 
