1 0 1 
1 1 1 
1 2 1 
1 3 1 
3 4 0.963201 0.0261966 0.010602 
2 5 0.989791 0.0102092 
3 6 0.530552 0.432892 0.0365567 
1 7 1 
1 8 1 
1 9 1 
1 10 1 
2 11 0.992688 0.00731233 
3 12 0.533455 0.462669 0.00387608 
2 13 0.916882 0.083118 
5 14 0.718945 0.0969938 0.0852835 0.0739668 0.0248108 
5 15 0.999989 4.16043e-06 3.65814e-06 3.17273e-06 6.49618e-08 
1 16 1 
1 17 1 
1 18 1 
1 19 1 
1 20 1 
1 21 1 
1 22 1 
1 23 1 
1 24 1 
2 25 0.976425 0.0235753 
2 26 0.978875 0.021125 
1 27 1 
1 28 1 
1 29 1 
1 30 1 
1 31 1 
1 32 1 
1 33 1 
1 34 1 
1 35 1 
1 36 1 
1 37 1 
1 38 1 
1 39 1 
1 40 1 
1 41 1 
1 42 1 
2 43 0.990142 0.00985823 
2 44 0.742758 0.257242 
4 45 0.492266 0.416102 0.067489 0.0241424 
5 46 0.716659 0.122941 0.103919 0.0394702 0.0170105 
1 47 1 
1 48 1 
1 49 1 
1 50 1 
1 51 1 
1 52 1 
3 53 0.971022 0.0171993 0.0117784 
2 54 0.992537 0.00746317 
1 55 1 
2 56 0.999054 0.00094641 
4 57 0.726666 0.2687 0.00263905 0.00199554 
3 58 0.966767 0.0270533 0.00617964 
5 59 0.652693 0.327985 0.0108673 0.0069493 0.00150539 
6 60 0.722994 0.164493 0.0826593 0.0236155 0.00558969 0.0006483 
1 61 1 
1 62 1 
1 63 1 
2 64 0.988629 0.0113713 
1 65 1 
4 66 0.882043 0.100654 0.00869282 0.00861085 
2 67 0.968594 0.0314056 
1 68 1 
1 69 1 
2 70 0.959171 0.0408289 
1 71 1 
1 72 1 
1 73 1 
1 74 1 
1 75 1 
1 76 1 
1 77 1 
1 78 1 
1 79 1 
1 80 1 
1 81 1 
1 82 1 
1 83 1 
1 84 1 
1 85 1 
1 86 1 
1 87 1 
2 88 0.95634 0.0436604 
1 89 1 
1 90 1 
1 91 1 
1 92 1 
1 93 1 
1 94 1 
1 95 1 
1 96 1 
1 97 1 
2 98 0.892854 0.107146 
1 99 1 
2 100 0.508326 0.491674 
3 101 0.910164 0.0714974 0.0183381 
3 102 0.950369 0.0485112 0.00112027 
1 103 1 
1 104 1 
2 105 0.940222 0.0597784 
1 106 1 
1 107 1 
1 108 1 
1 109 1 
1 110 1 
1 111 1 
1 112 1 
1 113 1 
1 114 1 
1 115 1 
1 116 1 
1 117 1 
1 118 1 
1 119 1 
1 120 1 
1 121 1 
2 122 0.990323 0.00967658 
3 123 1 1.60891e-08 1.06762e-08 
1 124 1 
2 125 0.76633 0.23367 
1 126 1 
1 127 1 
1 128 1 
1 129 1 
1 130 1 
2 131 0.99701 0.00299049 
3 132 0.984835 0.0151227 4.25284e-05 
1 133 1 
1 134 1 
1 135 1 
1 136 1 
1 137 1 
1 138 1 
1 139 1 
1 140 1 
1 141 1 
1 142 1 
1 143 1 
1 144 1 
1 145 1 
1 146 1 
3 147 0.899 0.0854856 0.0155146 
4 148 0.54445 0.409465 0.0389802 0.00710499 
5 149 0.343182 0.341344 0.256716 0.0341065 0.0246512 
1 150 1 
1 151 1 
1 152 1 
1 153 1 
3 154 0.870298 0.117021 0.0126809 
2 155 0.946218 0.0537823 
1 156 1 
2 157 0.958989 0.0410109 
3 158 0.995283 0.00412923 0.000587273 
4 159 0.499053 0.437632 0.0523876 0.0109272 
5 160 0.488122 0.240111 0.124167 0.0975174 0.0500833 
5 161 0.654445 0.186779 0.130745 0.014697 0.0133344 
4 162 0.427069 0.387474 0.109319 0.076138 
1 163 1 
2 164 0.887523 0.112477 
1 165 1 
1 166 1 
1 167 1 
1 168 1 
1 169 1 
1 170 1 
1 171 1 
1 172 1 
1 173 1 
1 174 1 
2 175 0.543053 0.456947 
1 176 1 
2 177 0.984335 0.0156647 
1 178 1 
1 179 1 
1 180 1 
1 181 1 
1 182 1 
1 183 1 
1 184 1 
1 185 1 
1 186 1 
1 187 1 
2 188 0.961572 0.0384284 
1 189 1 
1 190 1 
1 191 1 
1 192 1 
2 193 0.919494 0.0805057 
1 194 1 
1 195 1 
1 196 1 
1 197 1 
1 198 1 
1 199 1 
2 200 0.948048 0.0519525 
1 201 1 
1 202 1 
1 203 1 
1 204 1 
1 205 1 
1 206 1 
2 207 0.999993 7.42655e-06 
1 208 1 
1 209 1 
1 210 1 
2 211 0.99939 0.000610419 
3 212 0.960127 0.0398655 7.44769e-06 
2 213 0.989674 0.0103256 
1 214 1 
2 215 0.984952 0.0150483 
1 216 1 
1 217 1 
1 218 1 
1 219 1 
1 220 1 
2 221 0.733315 0.266685 
1 222 1 
1 223 1 
1 224 1 
1 225 1 
1 226 1 
2 227 0.957881 0.0421191 
1 228 1 
1 229 1 
1 230 1 
1 231 1 
1 232 1 
3 233 0.895329 0.0742985 0.0303722 
2 234 0.772284 0.227716 
3 235 0.899684 0.0600145 0.0403018 
4 236 0.639346 0.322803 0.0216148 0.0162367 
3 237 0.889439 0.0852224 0.025339 
4 238 0.660819 0.301141 0.0292936 0.00874723 
5 239 0.398064 0.390492 0.17795 0.017344 0.0161498 
8 240 0.357292 0.318253 0.160684 0.0743911 0.0315679 0.0238101 0.0233571 0.010644 
3 241 0.932806 0.0463706 0.0208234 
4 242 0.872312 0.11242 0.0127577 0.00251006 
1 243 1 
1 244 1 
1 245 1 
1 246 1 
3 247 0.914549 0.0520949 0.033356 
3 248 0.874488 0.0751845 0.0503273 
2 249 0.973516 0.026484 
4 250 0.752198 0.0985885 0.0880798 0.0611342 
4 251 0.999071 0.00074423 0.000167966 1.67475e-05 
3 252 0.99981 0.000151541 3.80293e-05 
1 253 1 
1 254 1 
2 255 0.985225 0.0147752 
1 256 1 
1 257 1 
1 258 1 
1 259 1 
1 260 1 
1 261 1 
1 262 1 
1 263 1 
1 264 1 
1 265 1 
2 266 0.934244 0.0657562 
1 267 1 
1 268 1 
2 269 0.967705 0.0322951 
1 270 1 
1 271 1 
1 272 1 
2 273 0.990573 0.00942723 
1 274 1 
1 275 1 
1 276 1 
1 277 1 
1 278 1 
1 279 1 
1 280 1 
2 281 0.92164 0.0783599 
1 282 1 
1 283 1 
1 284 1 
2 285 0.974967 0.0250332 
1 286 1 
1 287 1 
1 288 1 
1 289 1 
1 290 1 
1 291 1 
2 292 0.696242 0.303758 
1 293 1 
1 294 1 
2 295 0.933605 0.0663947 
3 296 0.743316 0.236778 0.0199064 
1 297 1 
5 298 0.445271 0.376669 0.119984 0.0345911 0.0234851 
2 299 0.973507 0.0264935 
1 300 1 
4 301 0.612818 0.292557 0.0624819 0.0321427 
1 302 1 
1 303 1 
1 304 1 
1 305 1 
2 306 0.953311 0.0466886 
3 307 0.990657 0.00557968 0.00376327 
4 308 0.917564 0.0709723 0.0108759 0.000587495 
4 309 0.932983 0.066134 0.00062946 0.000253879 
6 310 0.512529 0.405851 0.0483781 0.0286194 0.00422504 0.00039818 
5 311 0.610428 0.361116 0.0255974 0.00276019 9.83689e-05 
3 312 0.899755 0.0865393 0.0137054 
1 313 1 
1 314 1 
1 315 1 
1 316 1 
1 317 1 
1 318 1 
1 319 1 
1 320 1 
1 321 1 
1 322 1 
2 323 0.980013 0.0199868 
3 324 0.95337 0.0458126 0.000817289 
1 325 1 
1 326 1 
1 327 1 
1 328 1 
1 329 1 
1 330 1 
1 331 1 
1 332 1 
1 333 1 
1 334 1 
1 335 1 
1 336 1 
1 337 1 
2 338 0.995228 0.00477227 
1 339 1 
1 340 1 
1 341 1 
3 342 0.999947 5.00892e-05 3.2915e-06 
2 343 0.999664 0.000336204 
1 344 1 
1 345 1 
2 346 0.998955 0.00104514 
3 347 0.537364 0.458311 0.00432553 
3 348 0.95645 0.0392008 0.00434885 
1 349 1 
1 350 1 
1 351 1 
1 352 1 
1 353 1 
1 354 1 
1 355 1 
2 356 0.991047 0.00895279 
1 357 1 
2 358 0.971985 0.0280149 
3 359 0.993955 0.00596961 7.58091e-05 
1 360 1 
1 361 1 
1 362 1 
1 363 1 
1 364 1 
2 365 0.581941 0.418059 
1 366 1 
2 367 0.980708 0.0192916 
2 368 0.70548 0.29452 
3 369 0.770934 0.21224 0.0168264 
4 370 0.368725 0.360871 0.240369 0.0300348 
5 371 0.553098 0.205891 0.144773 0.0956566 0.000581934 
1 372 1 
1 373 1 
1 374 1 
1 375 1 
1 376 1 
1 377 1 
2 378 0.997833 0.0021671 
2 379 0.994666 0.00533368 
3 380 0.985216 0.00853803 0.00624606 
4 381 0.494048 0.473832 0.0304978 0.00162251 
5 382 0.437852 0.277533 0.266176 0.0170303 0.00140827 
1 383 1 
1 384 1 
1 385 1 
1 386 1 
1 387 1 
1 388 1 
1 389 1 
1 390 1 
2 391 0.99696 0.00304022 
1 392 1 
4 393 0.826028 0.0757734 0.073066 0.0251322 
4 394 0.489122 0.471645 0.0309651 0.00826761 
1 395 1 
1 396 1 
1 397 1 
1 398 1 
1 399 1 
1 400 1 
1 401 1 
2 402 0.999924 7.64293e-05 
3 403 0.999897 8.97419e-05 1.35334e-05 
2 404 0.999856 0.000144479 
1 405 1 
1 406 1 
2 407 0.846023 0.153977 
3 408 0.745038 0.250867 0.00409462 
1 409 1 
1 410 1 
1 411 1 
1 412 1 
3 413 0.861535 0.124989 0.0134761 
1 414 1 
1 415 1 
1 416 1 
1 417 1 
1 418 1 
1 419 1 
1 420 1 
1 421 1 
1 422 1 
2 423 0.758714 0.241286 
4 424 0.519536 0.278404 0.18809 0.0139703 
3 425 0.897778 0.0656027 0.0366188 
1 426 1 
2 427 0.613711 0.386289 
3 428 0.881366 0.0997327 0.0189015 
4 429 0.965546 0.0203971 0.0138579 0.000198726 
6 430 0.602121 0.333988 0.0352502 0.0245269 0.00407717 3.67235e-05 
6 431 0.712711 0.21933 0.05752 0.00724755 0.0031473 4.43979e-05 
1 432 1 
1 433 1 
1 434 1 
1 435 1 
1 436 1 
1 437 1 
1 438 1 
1 439 1 
2 440 0.999512 0.000487947 
3 441 0.924206 0.0757814 1.25854e-05 
2 442 0.999988 1.2432e-05 
1 443 1 
1 444 1 
1 445 1 
1 446 1 
1 447 1 
1 448 1 
1 449 1 
1 450 1 
2 451 0.999785 0.000215342 
2 452 0.999995 5.28071e-06 
1 453 1 
2 454 0.992837 0.00716283 
1 455 1 
1 456 1 
1 457 1 
1 458 1 
1 459 1 
2 460 0.981382 0.0186185 
1 461 1 
2 462 0.957305 0.0426946 
1 463 1 
1 464 1 
1 465 1 
1 466 1 
2 467 0.833235 0.166765 
1 468 1 
1 469 1 
1 470 1 
1 471 1 
1 472 1 
1 473 1 
1 474 1 
1 475 1 
1 476 1 
1 477 1 
3 478 0.933302 0.0516034 0.0150947 
1 479 1 
3 480 0.976214 0.018187 0.00559926 
2 481 0.916095 0.0839053 
3 482 0.748979 0.228766 0.0222552 
4 483 0.642477 0.333023 0.0128871 0.0116133 
4 484 0.655444 0.334424 0.0072034 0.00292867 
6 485 0.499092 0.32688 0.166783 0.003398 0.00208502 0.00176133 
7 486 0.357213 0.320359 0.209819 0.107055 0.0022235 0.00219437 0.00113744 
5 487 0.499185 0.326941 0.166814 0.00363613 0.00342449 
6 488 0.925507 0.0367574 0.0156788 0.0102689 0.00654863 0.00523944 
4 489 0.716043 0.194308 0.0461755 0.0434742 
8 490 0.824494 0.0890017 0.0511204 0.0174214 0.0074311 0.004867 0.00318135 0.00248327 
5 491 0.493987 0.465093 0.033428 0.00388356 0.00360846 
1 492 1 
1 493 1 
1 494 1 
1 495 1 
1 496 1 
1 497 1 
2 498 0.999995 4.93495e-06 
1 499 1 
1 500 1 
1 501 1 
1 502 1 
1 503 1 
1 504 1 
1 505 1 
3 506 0.884456 0.0950158 0.0205279 
3 507 0.93524 0.056356 0.00840377 
5 508 0.581502 0.327199 0.0476631 0.0339343 0.00970127 
4 509 0.567415 0.403977 0.0242938 0.0043141 
2 510 0.976356 0.023644 
6 511 0.429395 0.230178 0.193172 0.137531 0.00765445 0.00206855 
7 512 0.315989 0.265187 0.188803 0.170834 0.041227 0.0111412 0.00681829 
3 513 0.774477 0.209296 0.0162269 
4 514 0.710983 0.221987 0.05999 0.00703962 
2 515 0.940676 0.0593239 
5 516 0.441406 0.345408 0.194354 0.0141944 0.00463747 
4 517 0.911818 0.0534707 0.0298757 0.0048353 
1 518 1 
1 519 1 
1 520 1 
1 521 1 
1 522 1 
1 523 1 
1 524 1 
2 525 0.999997 3.11202e-06 
1 526 1 
1 527 1 
2 528 0.987697 0.0123028 
1 529 1 
1 530 1 
1 531 1 
1 532 1 
1 533 1 
2 534 0.965067 0.0349333 
3 535 0.900193 0.0829191 0.016888 
3 536 0.941388 0.053946 0.00466556 
4 537 0.944429 0.0464484 0.00676389 0.00235863 
5 538 0.450301 0.379952 0.132493 0.0262566 0.0109973 
1 539 1 
1 540 1 
1 541 1 
1 542 1 
1 543 1 
2 544 0.941218 0.0587824 
1 545 1 
1 546 1 
1 547 1 
1 548 1 
1 549 1 
1 550 1 
1 551 1 
1 552 1 
1 553 1 
1 554 1 
1 555 1 
1 556 1 
2 557 0.932686 0.0673142 
1 558 1 
1 559 1 
1 560 1 
1 561 1 
1 562 1 
1 563 1 
1 564 1 
1 565 1 
1 566 1 
1 567 1 
1 568 1 
1 569 1 
1 570 1 
1 571 1 
1 572 1 
1 573 1 
1 574 1 
1 575 1 
1 576 1 
1 577 1 
1 578 1 
1 579 1 
1 580 1 
1 581 1 
1 582 1 
1 583 1 
1 584 1 
1 585 1 
1 586 1 
1 587 1 
1 588 1 
1 589 1 
1 590 1 
1 591 1 
3 592 0.994877 0.00379716 0.00132571 
4 593 0.869829 0.0649279 0.0499157 0.0153275 
4 594 0.562441 0.432398 0.00458384 0.000577441 
5 595 0.608615 0.219282 0.168582 0.00329581 0.000225325 
2 596 0.927016 0.0729844 
2 597 0.621357 0.378643 
3 598 0.532494 0.25718 0.210326 
1 599 1 
1 600 1 
1 601 1 
1 602 1 
1 603 1 
1 604 1 
2 605 0.999638 0.00036177 
3 606 0.964716 0.0352785 5.38796e-06 
3 607 0.796667 0.197829 0.00550485 
4 608 0.905192 0.075199 0.0190799 0.000529287 
1 609 1 
1 610 1 
2 611 0.969773 0.0302272 
1 612 1 
1 613 1 
1 614 1 
1 615 1 
1 616 1 
1 617 1 
1 618 1 
1 619 1 
1 620 1 
1 621 1 
1 622 1 
1 623 1 
1 624 1 
1 625 1 
1 626 1 
1 627 1 
1 628 1 
1 629 1 
2 630 0.969347 0.0306533 
1 631 1 
2 632 0.965685 0.0343154 
1 633 1 
1 634 1 
1 635 1 
1 636 1 
1 637 1 
1 638 1 
1 639 1 
1 640 1 
2 641 0.908051 0.0919491 
3 642 0.882282 0.0730559 0.0446626 
3 643 0.948502 0.0448487 0.00664908 
2 644 0.632631 0.367369 
2 645 0.988565 0.0114349 
1 646 1 
1 647 1 
1 648 1 
1 649 1 
2 650 0.944579 0.0554209 
1 651 1 
1 652 1 
1 653 1 
2 654 0.983827 0.0161732 
1 655 1 
1 656 1 
1 657 1 
1 658 1 
2 659 0.932651 0.0673493 
1 660 1 
1 661 1 
1 662 1 
1 663 1 
1 664 1 
1 665 1 
1 666 1 
1 667 1 
1 668 1 
1 669 1 
1 670 1 
1 671 1 
1 672 1 
1 673 1 
1 674 1 
1 675 1 
1 676 1 
1 677 1 
1 678 1 
1 679 1 
3 680 0.883662 0.0760301 0.0403081 
2 681 0.967235 0.032765 
2 682 0.999999 7.00004e-07 
1 683 1 
2 684 0.99995 5.04775e-05 
1 685 1 
1 686 1 
2 687 1 3.43216e-07 
1 688 1 
1 689 1 
1 690 1 
1 691 1 
1 692 1 
3 693 0.999748 0.000250431 1.07799e-06 
1 694 1 
1 695 1 
1 696 1 
2 697 0.999318 0.000682023 
1 698 1 
1 699 1 
1 700 1 
1 701 1 
1 702 1 
1 703 1 
1 704 1 
1 705 1 
2 706 0.99547 0.00453008 
1 707 1 
1 708 1 
2 709 0.923719 0.0762813 
1 710 1 
1 711 1 
1 712 1 
1 713 1 
2 714 0.90615 0.0938501 
3 715 0.763952 0.206358 0.0296903 
1 716 1 
1 717 1 
1 718 1 
1 719 1 
1 720 1 
1 721 1 
1 722 1 
1 723 1 
1 724 1 
3 725 0.821111 0.167225 0.011664 
3 726 0.822353 0.163707 0.0139404 
1 727 1 
1 728 1 
1 729 1 
1 730 1 
1 731 1 
2 732 0.91235 0.0876499 
1 733 1 
1 734 1 
2 735 0.624888 0.375112 
1 736 1 
1 737 1 
1 738 1 
2 739 0.952542 0.0474576 
1 740 1 
1 741 1 
1 742 1 
1 743 1 
1 744 1 
1 745 1 
2 746 0.907177 0.0928232 
1 747 1 
2 748 0.975044 0.0249561 
1 749 1 
1 750 1 
1 751 1 
1 752 1 
3 753 0.992642 0.00730834 4.93242e-05 
1 754 1 
1 755 1 
1 756 1 
1 757 1 
1 758 1 
1 759 1 
2 760 0.864048 0.135952 
3 761 0.866291 0.130839 0.00287097 
1 762 1 
1 763 1 
2 764 0.918229 0.0817714 
1 765 1 
1 766 1 
1 767 1 
1 768 1 
2 769 0.994691 0.00530886 
1 770 1 
1 771 1 
1 772 1 
1 773 1 
1 774 1 
1 775 1 
1 776 1 
1 777 1 
1 778 1 
1 779 1 
1 780 1 
1 781 1 
1 782 1 
1 783 1 
1 784 1 
1 785 1 
1 786 1 
2 787 0.912595 0.0874049 
1 788 1 
1 789 1 
1 790 1 
1 791 1 
1 792 1 
1 793 1 
1 794 1 
1 795 1 
1 796 1 
1 797 1 
1 798 1 
1 799 1 
1 800 1 
1 801 1 
1 802 1 
1 803 1 
1 804 1 
3 805 0.969465 0.0202584 0.0102771 
2 806 0.984992 0.0150075 
4 807 0.995532 0.00300768 0.00124772 0.000212247 
1 808 1 
1 809 1 
1 810 1 
1 811 1 
1 812 1 
1 813 1 
2 814 0.879262 0.120738 
1 815 1 
1 816 1 
2 817 0.892565 0.107435 
1 818 1 
1 819 1 
1 820 1 
1 821 1 
1 822 1 
1 823 1 
1 824 1 
1 825 1 
1 826 1 
1 827 1 
1 828 1 
1 829 1 
1 830 1 
1 831 1 
1 832 1 
2 833 0.969562 0.0304382 
1 834 1 
2 835 0.979269 0.0207311 
1 836 1 
2 837 0.961356 0.0386441 
3 838 0.935519 0.0575729 0.00690808 
4 839 0.566824 0.407316 0.0203593 0.00550166 
5 840 0.602641 0.370668 0.0149627 0.010752 0.000976135 
5 841 0.516452 0.446187 0.0227915 0.0140185 0.000550556 
6 842 0.685888 0.146877 0.105545 0.0531116 0.00527009 0.00330788 
4 843 0.86364 0.0708683 0.0612265 0.00426482 
5 844 0.686631 0.295986 0.0140342 0.00227704 0.00107221 
6 845 0.807198 0.132286 0.0570245 0.00270652 0.000439131 0.000345799 
7 846 0.575512 0.245986 0.0763633 0.0571063 0.0329178 0.00704909 0.00506542 
1 847 1 
2 848 0.999728 0.000272222 
1 849 1 
2 850 0.964877 0.0351227 
1 851 1 
2 852 0.978792 0.0212075 
1 853 1 
2 854 0.966375 0.0336254 
1 855 1 
1 856 1 
1 857 1 
2 858 0.979426 0.0205744 
3 859 0.600915 0.372373 0.0267118 
1 860 1 
1 861 1 
1 862 1 
1 863 1 
1 864 1 
1 865 1 
2 866 0.984784 0.0152164 
3 867 0.994447 0.00277941 0.0027732 
3 868 0.969481 0.0284364 0.00208259 
1 869 1 
1 870 1 
2 871 0.9651 0.0349003 
1 872 1 
1 873 1 
3 874 0.964035 0.0346422 0.00132254 
2 875 0.990381 0.00961923 
3 876 0.56157 0.376451 0.061979 
1 877 1 
3 878 0.542195 0.441361 0.0164445 
4 879 0.881433 0.0644549 0.052468 0.00164426 
5 880 0.542078 0.421497 0.0345327 0.00104359 0.000849504 
1 881 1 
1 882 1 
1 883 1 
1 884 1 
1 885 1 
2 886 0.977864 0.0221365 
1 887 1 
1 888 1 
1 889 1 
1 890 1 
1 891 1 
1 892 1 
2 893 0.925958 0.0740421 
3 894 0.969381 0.0263677 0.00425107 
3 895 0.693931 0.305512 0.000557825 
1 896 1 
1 897 1 
1 898 1 
1 899 1 
2 900 0.967443 0.0325565 
1 901 1 
1 902 1 
2 903 0.99453 0.00546972 
1 904 1 
1 905 1 
2 906 0.978938 0.0210623 
1 907 1 
2 908 0.963559 0.0364414 
1 909 1 
3 910 0.999999 6.73166e-07 4.95715e-07 
1 911 1 
1 912 1 
1 913 1 
2 914 0.894006 0.105994 
1 915 1 
1 916 1 
1 917 1 
2 918 0.883576 0.116424 
1 919 1 
1 920 1 
1 921 1 
1 922 1 
1 923 1 
1 924 1 
1 925 1 
1 926 1 
1 927 1 
1 928 1 
1 929 1 
1 930 1 
1 931 1 
1 932 1 
1 933 1 
1 934 1 
1 935 1 
2 936 0.954888 0.0451121 
3 937 0.89091 0.0945378 0.0145525 
4 938 0.668832 0.207592 0.0827481 0.0408284 
4 939 0.687719 0.274132 0.0297087 0.0084406 
5 940 0.549169 0.291138 0.116051 0.031109 0.0125326 
1 941 1 
1 942 1 
1 943 1 
1 944 1 
1 945 1 
1 946 1 
1 947 1 
1 948 1 
1 949 1 
2 950 0.899397 0.100603 
1 951 1 
1 952 1 
1 953 1 
2 954 0.871828 0.128172 
1 955 1 
1 956 1 
1 957 1 
1 958 1 
1 959 1 
1 960 1 
2 961 0.962633 0.0373668 
2 962 0.847014 0.152986 
1 963 1 
2 964 0.945145 0.0548551 
1 965 1 
1 966 1 
1 967 1 
1 968 1 
2 969 0.871567 0.128433 
1 970 1 
1 971 1 
2 972 0.999422 0.000578255 
1 973 1 
1 974 1 
1 975 1 
1 976 1 
1 977 1 
1 978 1 
2 979 0.967031 0.0329689 
1 980 1 
1 981 1 
3 982 0.921687 0.06876 0.00955336 
4 983 0.598813 0.368172 0.0273626 0.00565207 
5 984 0.469891 0.317281 0.195076 0.0145115 0.0032406 
2 985 0.983178 0.0168218 
2 986 0.97572 0.0242799 
4 987 0.680521 0.258658 0.0552292 0.00559206 
3 988 0.917965 0.0762332 0.00580158 
4 989 0.691421 0.279454 0.0205945 0.00853065 
5 990 0.430317 0.324465 0.206207 0.0282842 0.010727 
1 991 1 
1 992 1 
1 993 1 
1 994 1 
1 995 1 
1 996 1 
1 997 1 
1 998 1 
1 999 1 
1 1000 1 
1 1001 1 
1 1002 1 
1 1003 1 
1 1004 1 
1 1005 1 
1 1006 1 
1 1007 1 
1 1008 1 
1 1009 1 
1 1010 1 
1 1011 1 
1 1012 1 
1 1013 1 
1 1014 1 
1 1015 1 
1 1016 1 
1 1017 1 
1 1018 1 
1 1019 1 
1 1020 1 
1 1021 1 
1 1022 1 
1 1023 1 
2 1024 0.983457 0.0165428 
1 1025 1 
1 1026 1 
1 1027 1 
1 1028 1 
1 1029 1 
1 1030 1 
1 1031 1 
2 1032 0.992943 0.00705746 
2 1033 0.930305 0.0696954 
1 1034 1 
1 1035 1 
1 1036 1 
2 1037 0.96829 0.0317101 
1 1038 1 
1 1039 1 
1 1040 1 
1 1041 1 
1 1042 1 
1 1043 1 
1 1044 1 
1 1045 1 
1 1046 1 
1 1047 1 
3 1048 0.90078 0.0884231 0.0107972 
1 1049 1 
1 1050 1 
1 1051 1 
1 1052 1 
1 1053 1 
1 1054 1 
1 1055 1 
1 1056 1 
1 1057 1 
1 1058 1 
1 1059 1 
1 1060 1 
1 1061 1 
3 1062 0.999944 4.46048e-05 1.17417e-05 
1 1063 1 
1 1064 1 
1 1065 1 
1 1066 1 
1 1067 1 
1 1068 1 
2 1069 0.932417 0.0675825 
1 1070 1 
1 1071 1 
1 1072 1 
1 1073 1 
1 1074 1 
1 1075 1 
2 1076 0.981099 0.018901 
1 1077 1 
1 1078 1 
1 1079 1 
1 1080 1 
1 1081 1 
1 1082 1 
1 1083 1 
1 1084 1 
1 1085 1 
1 1086 1 
1 1087 1 
1 1088 1 
1 1089 1 
1 1090 1 
1 1091 1 
1 1092 1 
1 1093 1 
1 1094 1 
1 1095 1 
2 1096 0.93377 0.0662301 
1 1097 1 
1 1098 1 
1 1099 1 
2 1100 0.791104 0.208896 
1 1101 1 
1 1102 1 
1 1103 1 
1 1104 1 
1 1105 1 
1 1106 1 
1 1107 1 
2 1108 0.961625 0.0383746 
1 1109 1 
2 1110 0.99173 0.0082703 
5 1111 0.574928 0.40215 0.0217047 0.000775632 0.00044188 
3 1112 0.548339 0.446918 0.00474352 
4 1113 0.419261 0.31495 0.259891 0.00589821 
1 1114 1 
1 1115 1 
1 1116 1 
1 1117 1 
1 1118 1 
1 1119 1 
1 1120 1 
2 1121 0.992722 0.00727818 
1 1122 1 
1 1123 1 
1 1124 1 
2 1125 0.976851 0.0231491 
1 1126 1 
1 1127 1 
1 1128 1 
1 1129 1 
1 1130 1 
1 1131 1 
1 1132 1 
1 1133 1 
1 1134 1 
1 1135 1 
1 1136 1 
1 1137 1 
1 1138 1 
1 1139 1 
1 1140 1 
1 1141 1 
1 1142 1 
1 1143 1 
1 1144 1 
2 1145 0.962388 0.0376124 
1 1146 1 
2 1147 0.984823 0.0151767 
4 1148 0.6386 0.227181 0.0850849 0.0491343 
5 1149 0.485579 0.28041 0.168949 0.0352753 0.0297873 
1 1150 1 
1 1151 1 
1 1152 1 
1 1153 1 
1 1154 1 
1 1155 1 
3 1156 0.891017 0.108752 0.00023123 
2 1157 0.930928 0.069072 
3 1158 0.978709 0.0204667 0.000824456 
4 1159 0.640851 0.34865 0.0102049 0.000293707 
5 1160 0.463596 0.331223 0.1802 0.0227484 0.00223281 
1 1161 1 
1 1162 1 
1 1163 1 
1 1164 1 
1 1165 1 
1 1166 1 
1 1167 1 
2 1168 0.95781 0.0421905 
1 1169 1 
1 1170 1 
1 1171 1 
1 1172 1 
1 1173 1 
1 1174 1 
1 1175 1 
1 1176 1 
1 1177 1 
1 1178 1 
1 1179 1 
1 1180 1 
1 1181 1 
1 1182 1 
1 1183 1 
1 1184 1 
1 1185 1 
1 1186 1 
2 1187 0.970078 0.0299219 
1 1188 1 
2 1189 0.819129 0.180871 
1 1190 1 
1 1191 1 
1 1192 1 
1 1193 1 
1 1194 1 
1 1195 1 
2 1196 0.996002 0.0039976 
3 1197 0.514909 0.481706 0.00338532 
1 1198 1 
2 1199 0.999982 1.82717e-05 
1 1200 1 
1 1201 1 
2 1202 0.886922 0.113078 
1 1203 1 
4 1204 0.756765 0.165818 0.0690471 0.00836997 
2 1205 0.939657 0.0603427 
1 1206 1 
1 1207 1 
1 1208 1 
1 1209 1 
1 1210 1 
2 1211 0.983994 0.0160058 
1 1212 1 
1 1213 1 
1 1214 1 
1 1215 1 
1 1216 1 
1 1217 1 
1 1218 1 
1 1219 1 
1 1220 1 
1 1221 1 
1 1222 1 
1 1223 1 
2 1224 0.992156 0.00784367 
2 1225 0.96256 0.0374402 
3 1226 0.613384 0.356181 0.0304357 
3 1227 0.892409 0.0641043 0.0434865 
5 1228 0.538311 0.245038 0.142289 0.041342 0.0330208 
1 1229 1 
1 1230 1 
1 1231 1 
1 1232 1 
1 1233 1 
1 1234 1 
1 1235 1 
1 1236 1 
2 1237 0.674203 0.325797 
3 1238 0.980405 0.0133096 0.0062856 
1 1239 1 
1 1240 1 
1 1241 1 
1 1242 1 
2 1243 0.867062 0.132938 
3 1244 0.918406 0.0475684 0.0340257 
3 1245 0.983005 0.0112439 0.00575105 
5 1246 0.765733 0.168131 0.0477051 0.0122356 0.00619571 
4 1247 0.748216 0.245222 0.00510777 0.00145432 
3 1248 0.959886 0.0271648 0.0129492 
3 1249 0.991453 0.00806158 0.000485171 
4 1250 0.821453 0.176795 0.0016192 0.000133269 
6 1251 0.834369 0.135752 0.0152681 0.00993442 0.00369261 0.000984125 
1 1252 1 
1 1253 1 
1 1254 1 
1 1255 1 
2 1256 0.69453 0.30547 
3 1257 0.992441 0.00484983 0.00270878 
1 1258 1 
1 1259 1 
1 1260 1 
1 1261 1 
1 1262 1 
1 1263 1 
1 1264 1 
2 1265 0.978471 0.0215291 
1 1266 1 
1 1267 1 
1 1268 1 
1 1269 1 
1 1270 1 
2 1271 0.987039 0.012961 
1 1272 1 
1 1273 1 
1 1274 1 
2 1275 0.991827 0.00817321 
3 1276 0.737342 0.260402 0.002256 
5 1277 0.734724 0.10522 0.100084 0.0353461 0.024625 
1 1278 1 
4 1279 0.815978 0.127572 0.0450601 0.0113899 
6 1280 0.738656 0.18671 0.0278403 0.0264813 0.0109603 0.00935224 
5 1281 0.431359 0.410304 0.144904 0.00721663 0.00621705 
3 1282 0.769808 0.129155 0.101037 
4 1283 0.746991 0.124243 0.112459 0.0163068 
1 1284 1 
1 1285 1 
1 1286 1 
1 1287 1 
1 1288 1 
1 1289 1 
2 1290 0.976275 0.0237247 
3 1291 0.509863 0.473614 0.0165232 
2 1292 0.697938 0.302062 
3 1293 0.95227 0.0344204 0.0133095 
1 1294 1 
2 1295 0.866208 0.133792 
1 1296 1 
1 1297 1 
1 1298 1 
1 1299 1 
2 1300 0.976066 0.0239344 
3 1301 0.922712 0.0680831 0.00920485 
4 1302 0.911219 0.075042 0.00804652 0.00569285 
1 1303 1 
1 1304 1 
1 1305 1 
1 1306 1 
1 1307 1 
1 1308 1 
1 1309 1 
2 1310 0.831812 0.168188 
3 1311 0.714339 0.272087 0.0135735 
3 1312 0.965449 0.0328313 0.00171917 
3 1313 0.858666 0.0891282 0.0522058 
4 1314 0.84321 0.125347 0.030352 0.00109123 
4 1315 0.974845 0.0233038 0.00180935 4.18028e-05 
4 1316 0.901901 0.0945503 0.0028943 0.0006547 
5 1317 0.788424 0.141877 0.0590187 0.00618719 0.004493 
6 1318 0.761685 0.119551 0.105128 0.0125331 0.00101659 8.57074e-05 
6 1319 0.911448 0.0628023 0.0113012 0.00920411 0.00474659 0.000497606 
1 1320 1 
1 1321 1 
1 1322 1 
1 1323 1 
1 1324 1 
3 1325 0.86376 0.0932528 0.0429877 
2 1326 0.896862 0.103138 
1 1327 1 
2 1328 0.993377 0.00662314 
3 1329 0.750702 0.246936 0.00236147 
2 1330 0.920385 0.0796153 
4 1331 0.807178 0.184058 0.00837964 0.000384261 
4 1332 0.982421 0.016333 0.00107386 0.000172585 
5 1333 0.624152 0.355125 0.0202631 0.00037419 8.53255e-05 
6 1334 0.508993 0.354875 0.116733 0.0171208 0.00220731 7.16608e-05 
1 1335 1 
1 1336 1 
1 1337 1 
1 1338 1 
1 1339 1 
1 1340 1 
1 1341 1 
1 1342 1 
1 1343 1 
1 1344 1 
1 1345 1 
2 1346 0.987087 0.012913 
1 1347 1 
2 1348 0.984954 0.0150456 
1 1349 1 
1 1350 1 
1 1351 1 
1 1352 1 
1 1353 1 
3 1354 0.832288 0.152656 0.0150556 
3 1355 0.523662 0.435367 0.0409709 
2 1356 0.998051 0.00194912 
3 1357 0.705266 0.29351 0.00122336 
4 1358 0.600812 0.281513 0.117157 0.000518492 
2 1359 0.866776 0.133224 
5 1360 0.844331 0.0789805 0.0347334 0.0213434 0.0206119 
7 1361 0.452529 0.344367 0.170321 0.0127724 0.012029 0.00563622 0.00234563 
5 1362 0.513456 0.454622 0.0182839 0.0134446 0.000193318 
7 1363 0.53883 0.364955 0.0874014 0.00412888 0.00290083 0.00177774 5.80713e-06 
8 1364 0.353234 0.244555 0.230323 0.107919 0.0449125 0.0117363 0.00726249 5.71689e-05 
6 1365 0.829625 0.153037 0.00675499 0.00636184 0.00298087 0.00124055 
4 1366 0.513862 0.483659 0.00247553 3.191e-06 
7 1367 0.750026 0.187199 0.0436539 0.0187754 0.000278574 6.71127e-05 3.83261e-07 
9 1368 0.55554 0.406808 0.0312419 0.00310737 0.00256427 0.000405107 0.000240451 9.1512e-05 1.97332e-06 
10 1369 0.900236 0.0819306 0.0114013 0.00488723 0.00109275 0.000166896 0.000157182 7.36484e-05 3.06502e-05 2.38063e-05 
11 1370 0.828883 0.113534 0.0498259 0.00726874 0.000404641 4.0737e-05 3.35512e-05 5.15536e-06 3.11428e-06 1.1966e-06 2.51123e-08 
11 1371 0.960975 0.021716 0.0168783 0.000275755 0.000117923 2.636e-05 4.0366e-06 3.80168e-06 1.78129e-06 7.41318e-07 5.7442e-07 
1 1372 1 
1 1373 1 
1 1374 1 
1 1375 1 
1 1376 1 
1 1377 1 
1 1378 1 
1 1379 1 
1 1380 1 
1 1381 1 
3 1382 0.869443 0.0679894 0.0625673 
2 1383 0.980596 0.0194039 
4 1384 0.880802 0.101541 0.010689 0.00696796 
4 1385 0.716428 0.200408 0.0501809 0.0329826 
2 1386 0.831346 0.168654 
5 1387 0.367729 0.307227 0.215249 0.108088 0.00170702 
5 1388 0.370245 0.341616 0.23587 0.0315392 0.0207299 
1 1389 1 
1 1390 1 
2 1391 0.975871 0.0241286 
1 1392 1 
1 1393 1 
3 1394 0.927958 0.0673299 0.00471243 
1 1395 1 
1 1396 1 
1 1397 1 
2 1398 0.977064 0.022936 
1 1399 1 
2 1400 0.999648 0.000351654 
2 1401 0.881598 0.118402 
1 1402 1 
2 1403 0.947798 0.0522015 
1 1404 1 
2 1405 0.992107 0.00789286 
1 1406 1 
1 1407 1 
1 1408 1 
1 1409 1 
1 1410 1 
1 1411 1 
1 1412 1 
1 1413 1 
1 1414 1 
2 1415 0.971707 0.028293 
1 1416 1 
1 1417 1 
1 1418 1 
2 1419 0.99998 1.96848e-05 
1 1420 1 
1 1421 1 
1 1422 1 
3 1423 0.901774 0.0606594 0.0375668 
2 1424 0.918246 0.0817535 
3 1425 0.872376 0.0913019 0.0363224 
4 1426 0.731801 0.22836 0.024125 0.0157143 
4 1427 0.641907 0.348423 0.00497331 0.00469675 
1 1428 1 
1 1429 1 
1 1430 1 
1 1431 1 
1 1432 1 
1 1433 1 
2 1434 0.987024 0.0129762 
1 1435 1 
1 1436 1 
1 1437 1 
2 1438 0.966453 0.0335467 
3 1439 0.720121 0.269598 0.0102803 
1 1440 1 
2 1441 0.991826 0.00817441 
3 1442 0.562442 0.433943 0.00361488 
2 1443 0.914372 0.0856283 
3 1444 0.927118 0.0399418 0.03294 
5 1445 0.437933 0.399003 0.149378 0.0111563 0.00252939 
4 1446 0.790953 0.138917 0.0543257 0.0158049 
5 1447 0.898208 0.0542622 0.0429995 0.0029885 0.00154212 
6 1448 0.756325 0.106463 0.0969986 0.0363142 0.00274899 0.00115047 
6 1449 0.664113 0.213795 0.0616041 0.038231 0.0146843 0.0075716 
7 1450 0.564852 0.350542 0.0395596 0.0211451 0.0167814 0.00651913 0.000600941 
7 1451 0.584632 0.312495 0.0439877 0.0400773 0.0150041 0.00267531 0.00112929 
7 1452 0.350518 0.346794 0.267565 0.0133814 0.00965376 0.00879558 0.00329288 
9 1453 0.682979 0.1214 0.10871 0.06489 0.00913412 0.00832212 0.00311562 0.00121808 0.000230947 
8 1454 0.961574 0.0132771 0.013136 0.0101349 0.00105281 0.000366396 0.000333825 0.000124977 
11 1455 0.54892 0.250611 0.0830739 0.0445461 0.0400863 0.0238107 0.00335166 0.0030537 0.00131809 0.00114324 8.516e-05 
7 1456 0.559208 0.315592 0.101597 0.00755165 0.00583083 0.00576887 0.00445089 
10 1457 0.623397 0.300812 0.0633744 0.0041535 0.00410937 0.00317051 0.00072767 0.000113619 0.000103519 3.87552e-05 
8 1458 0.756601 0.134768 0.0836358 0.0115367 0.00651079 0.00470774 0.00209599 0.000143961 
9 1459 0.794221 0.162791 0.023038 0.0130016 0.00418556 0.00212459 0.000231605 0.000229145 0.000176793 
10 1460 0.824512 0.121027 0.0324977 0.0178309 0.00117304 0.00116058 0.000895426 0.000517224 0.000291897 9.39694e-05 
9 1461 0.468652 0.380072 0.0718189 0.0405314 0.0193855 0.0130481 0.00345299 0.0021429 0.000896196 
11 1462 0.471614 0.267045 0.118987 0.0475669 0.0403545 0.0295196 0.018424 0.00327486 0.00175047 0.00141318 4.97478e-05 
13 1463 0.536875 0.182081 0.0831296 0.0726463 0.0595313 0.0273387 0.0147763 0.013192 0.00789816 0.00111177 0.00101294 0.000379222 2.80252e-05 
11 1464 0.73458 0.226687 0.0305905 0.00624424 0.000889891 0.000502215 0.00025829 0.000161676 4.60072e-05 2.85518e-05 1.11046e-05 
1 1465 1 
1 1466 1 
1 1467 1 
2 1468 0.998977 0.00102333 
3 1469 0.539426 0.45543 0.00514351 
4 1470 0.938417 0.045208 0.0161897 0.000185586 
2 1471 0.698256 0.301744 
1 1472 1 
1 1473 1 
1 1474 1 
3 1475 0.926251 0.0564533 0.0172962 
2 1476 0.991324 0.00867555 
3 1477 0.697987 0.297938 0.00407524 
4 1478 0.521666 0.333772 0.142472 0.00208989 
3 1479 0.999968 1.66921e-05 1.55649e-05 
3 1480 0.999996 1.84495e-06 1.72036e-06 
2 1481 0.510894 0.489106 
1 1482 1 
1 1483 1 
2 1484 0.907806 0.0921945 
4 1485 0.892277 0.0876183 0.0198522 0.00025285 
3 1486 0.87216 0.0978115 0.0300283 
5 1487 0.925672 0.0606401 0.0123217 0.00134924 1.72095e-05 
4 1488 0.984129 0.0100412 0.00582537 4.88789e-06 
5 1489 0.829926 0.167278 0.00180541 0.000990429 8.30835e-07 
4 1490 0.709714 0.268478 0.020588 0.00121967 
5 1491 0.597433 0.285695 0.108076 0.00830262 0.000494252 
5 1492 0.823197 0.101799 0.0492509 0.0252238 0.000529673 
6 1493 0.375517 0.373036 0.178388 0.067482 0.00518941 0.000387844 
5 1494 0.807388 0.167054 0.0181954 0.00688313 0.000479199 
6 1495 0.472027 0.425953 0.0881324 0.00959611 0.0036301 0.000661589 
7 1496 0.552612 0.211171 0.190558 0.0394278 0.00429394 0.00162435 0.000312563 
8 1497 0.368421 0.34889 0.133321 0.120308 0.0248926 0.00271114 0.00102559 0.00043035 
6 1498 0.588543 0.284741 0.101728 0.0210481 0.00393568 5.02849e-06 
8 1499 0.781395 0.10789 0.102009 0.00413298 0.00241852 0.00199956 0.00013099 2.31594e-05 
9 1500 0.336682 0.268032 0.266261 0.0835658 0.0190262 0.0179891 0.0047132 0.00362583 0.000104863 
8 1501 0.901727 0.0531455 0.0257122 0.00939409 0.00733674 0.0019437 0.000740617 4.64173e-07 
10 1502 0.756956 0.0671354 0.0646321 0.0514535 0.0511136 0.00350558 0.00331449 0.000904781 0.000668061 0.000316193 
11 1503 0.517626 0.345943 0.0441971 0.0351852 0.0349528 0.016042 0.00253785 0.00239952 0.000618712 0.000483641 1.37144e-05 
11 1504 0.456377 0.209269 0.198175 0.0757288 0.0382222 0.00955716 0.00407673 0.00324547 0.00322404 0.00154174 0.000583227 
11 1505 0.622084 0.297692 0.0205638 0.0150224 0.0134669 0.00942945 0.00892956 0.00568283 0.00341226 0.0030792 0.000637106 
9 1506 0.65305 0.312511 0.0184186 0.00891104 0.00326902 0.00259625 0.00067638 0.000568085 1.64257e-07 
13 1507 0.401525 0.300825 0.181332 0.0867749 0.0099356 0.00606025 0.00437889 0.00277889 0.00263158 0.00165649 0.00100561 0.000907449 0.000187757 
1 1508 1 
1 1509 1 
1 1510 1 
1 1511 1 
1 1512 1 
2 1513 0.996334 0.00366627 
3 1514 0.559141 0.439239 0.00162033 
1 1515 1 
1 1516 1 
1 1517 1 
1 1518 1 
1 1519 1 
1 1520 1 
1 1521 1 
1 1522 1 
1 1523 1 
2 1524 0.813646 0.186354 
1 1525 1 
2 1526 1 1.91112e-07 
3 1527 0.592268 0.283192 0.124541 
1 1528 1 
1 1529 1 
1 1530 1 
1 1531 1 
1 1532 1 
1 1533 1 
1 1534 1 
1 1535 1 
1 1536 1 
1 1537 1 
1 1538 1 
1 1539 1 
2 1540 0.997076 0.00292421 
1 1541 1 
1 1542 1 
1 1543 1 
1 1544 1 
1 1545 1 
1 1546 1 
2 1547 0.993469 0.00653072 
2 1548 0.950247 0.0497529 
4 1549 0.687556 0.215424 0.0932255 0.00379424 
3 1550 0.903979 0.0937299 0.00229131 
3 1551 0.984108 0.0120728 0.00381959 
4 1552 0.968285 0.0309905 0.000602531 0.000121603 
1 1553 1 
1 1554 1 
1 1555 1 
1 1556 1 
1 1557 1 
2 1558 0.995744 0.00425631 
1 1559 1 
1 1560 1 
1 1561 1 
2 1562 0.902341 0.0976588 
1 1563 1 
1 1564 1 
1 1565 1 
1 1566 1 
1 1567 1 
2 1568 0.806917 0.193083 
2 1569 0.548306 0.451694 
1 1570 1 
1 1571 1 
1 1572 1 
1 1573 1 
1 1574 1 
1 1575 1 
1 1576 1 
2 1577 0.984046 0.0159535 
3 1578 0.701456 0.17548 0.123064 
3 1579 0.87336 0.110518 0.0161225 
4 1580 0.544074 0.271611 0.16465 0.0196643 
4 1581 0.946266 0.0342007 0.0108557 0.00867752 
4 1582 0.546781 0.367094 0.0454837 0.0406414 
5 1583 0.869578 0.0672507 0.04956 0.00812469 0.00548684 
6 1584 0.557496 0.384604 0.0297442 0.0218899 0.00384265 0.00242346 
1 1585 1 
1 1586 1 
1 1587 1 
1 1588 1 
1 1589 1 
1 1590 1 
1 1591 1 
2 1592 0.991537 0.00846328 
2 1593 0.563604 0.436396 
2 1594 0.993205 0.00679497 
3 1595 0.512536 0.482989 0.00447547 
3 1596 0.826384 0.123773 0.0498431 
4 1597 0.831725 0.125865 0.0319123 0.0104973 
5 1598 0.836293 0.135723 0.0205389 0.00521195 0.00223292 
4 1599 0.556367 0.354397 0.084195 0.00504118 
1 1600 1 
1 1601 1 
1 1602 1 
1 1603 1 
1 1604 1 
1 1605 1 
2 1606 0.89162 0.10838 
1 1607 1 
1 1608 1 
1 1609 1 
1 1610 1 
1 1611 1 
1 1612 1 
1 1613 1 
1 1614 1 
1 1615 1 
1 1616 1 
1 1617 1 
1 1618 1 
1 1619 1 
1 1620 1 
1 1621 1 
1 1622 1 
2 1623 0.949704 0.0502965 
3 1624 0.82116 0.177623 0.00121663 
3 1625 0.990821 0.00810318 0.00107619 
4 1626 0.570835 0.409373 0.0108509 0.00894088 
5 1627 0.920808 0.0756783 0.00227298 0.00123754 3.2557e-06 
4 1628 0.531542 0.411887 0.0334611 0.0231097 
4 1629 0.952116 0.0455996 0.00223455 4.9581e-05 
6 1630 0.854407 0.0751626 0.0371467 0.0291426 0.0035566 0.000584814 
7 1631 0.810311 0.161611 0.0145731 0.00702629 0.00565038 0.00071799 0.000110694 
7 1632 0.614424 0.23823 0.124377 0.0203705 0.00200912 0.000588584 8.43323e-07 
8 1633 0.793519 0.126651 0.049106 0.0259133 0.0042441 0.000445791 0.000121412 1.73877e-07 
5 1634 0.852283 0.139587 0.00668523 0.00143784 7.2706e-06 
1 1635 1 
1 1636 1 
1 1637 1 
1 1638 1 
1 1639 1 
1 1640 1 
1 1641 1 
1 1642 1 
1 1643 1 
3 1644 0.799369 0.155416 0.0452153 
2 1645 0.739156 0.260844 
1 1646 1 
1 1647 1 
2 1648 0.892119 0.107881 
1 1649 1 
1 1650 1 
1 1651 1 
1 1652 1 
1 1653 1 
1 1654 1 
1 1655 1 
1 1656 1 
1 1657 1 
1 1658 1 
1 1659 1 
1 1660 1 
1 1661 1 
1 1662 1 
1 1663 1 
1 1664 1 
1 1665 1 
1 1666 1 
1 1667 1 
1 1668 1 
1 1669 1 
1 1670 1 
1 1671 1 
1 1672 1 
1 1673 1 
1 1674 1 
1 1675 1 
1 1676 1 
1 1677 1 
1 1678 1 
1 1679 1 
2 1680 0.981967 0.0180328 
3 1681 0.897371 0.100589 0.00204003 
3 1682 0.974149 0.023717 0.0021341 
1 1683 1 
1 1684 1 
1 1685 1 
1 1686 1 
1 1687 1 
1 1688 1 
2 1689 0.993234 0.00676627 
1 1690 1 
1 1691 1 
1 1692 1 
1 1693 1 
1 1694 1 
1 1695 1 
1 1696 1 
1 1697 1 
2 1698 0.920082 0.0799178 
1 1699 1 
1 1700 1 
1 1701 1 
2 1702 0.968868 0.0311321 
1 1703 1 
1 1704 1 
1 1705 1 
1 1706 1 
3 1707 0.99942 0.000577006 2.72789e-06 
1 1708 1 
1 1709 1 
1 1710 1 
1 1711 1 
2 1712 0.961945 0.0380547 
1 1713 1 
1 1714 1 
2 1715 0.909718 0.0902816 
1 1716 1 
1 1717 1 
1 1718 1 
1 1719 1 
1 1720 1 
1 1721 1 
1 1722 1 
1 1723 1 
2 1724 0.971268 0.0287319 
1 1725 1 
1 1726 1 
1 1727 1 
1 1728 1 
1 1729 1 
1 1730 1 
3 1731 0.86191 0.10921 0.0288795 
1 1732 1 
1 1733 1 
1 1734 1 
1 1735 1 
1 1736 1 
3 1737 0.963832 0.0334997 0.0026679 
1 1738 1 
3 1739 0.790022 0.165041 0.0449368 
4 1740 0.513212 0.438649 0.0401733 0.00796592 
2 1741 0.703543 0.296457 
6 1742 0.540105 0.2241 0.191692 0.0210915 0.0176967 0.00531374 
1 1743 1 
1 1744 1 
1 1745 1 
1 1746 1 
2 1747 0.905464 0.0945356 
3 1748 0.906599 0.0838265 0.00957441 
4 1749 0.777761 0.123691 0.0746599 0.0238888 
3 1750 0.985677 0.00724238 0.00708016 
1 1751 1 
1 1752 1 
1 1753 1 
1 1754 1 
1 1755 1 
2 1756 0.983265 0.0167352 
1 1757 1 
1 1758 1 
2 1759 0.870447 0.129553 
3 1760 0.958676 0.0381804 0.00314317 
4 1761 0.641677 0.342071 0.0151298 0.00112206 
4 1762 0.62341 0.320152 0.0319398 0.0244985 
4 1763 0.400018 0.319609 0.245147 0.035226 
5 1764 0.965512 0.0156236 0.0100456 0.00770519 0.00111326 
3 1765 0.761047 0.138198 0.100754 
1 1766 1 
1 1767 1 
1 1768 1 
1 1769 1 
1 1770 1 
1 1771 1 
1 1772 1 
1 1773 1 
1 1774 1 
1 1775 1 
3 1776 0.741242 0.164729 0.0940295 
1 1777 1 
1 1778 1 
2 1779 0.988196 0.0118041 
1 1780 1 
1 1781 1 
1 1782 1 
3 1783 0.998984 0.000697311 0.00031862 
1 1784 1 
1 1785 1 
1 1786 1 
1 1787 1 
1 1788 1 
1 1789 1 
1 1790 1 
3 1791 0.90235 0.0848627 0.0127872 
2 1792 0.990309 0.00969092 
2 1793 0.958767 0.0412327 
4 1794 0.741358 0.147901 0.066735 0.0440053 
4 1795 0.816378 0.17922 0.0033459 0.00105625 
4 1796 0.870793 0.0841752 0.0419707 0.00306153 
5 1797 0.559481 0.3595 0.0789211 0.00147375 0.000624358 
5 1798 0.626994 0.282908 0.0726983 0.0159595 0.00144034 
6 1799 0.733436 0.166795 0.0752604 0.0195021 0.00428132 0.000724453 
5 1800 0.562347 0.36995 0.045374 0.0204733 0.00185613 
8 1801 0.559142 0.295641 0.0672339 0.0377327 0.0303367 0.00785611 0.00172466 0.000332803 
5 1802 0.615362 0.362669 0.0128251 0.00843722 0.000707069 
7 1803 0.746879 0.0978603 0.0871539 0.0573359 0.00696344 0.00314201 0.000665767 
6 1804 0.45715 0.340569 0.151166 0.0315961 0.0186215 0.000897525 
10 1805 0.368555 0.323451 0.171022 0.0508512 0.0388931 0.0220066 0.0175491 0.00458187 0.00208466 0.00100586 
8 1806 0.631858 0.273446 0.0367361 0.0319087 0.0209917 0.00261404 0.00126502 0.00117949 
7 1807 0.61096 0.163834 0.13771 0.0811608 0.00282231 0.00185671 0.00165568 
7 1808 0.825936 0.0755308 0.0530322 0.0395079 0.00370476 0.00218343 0.000105237 
10 1809 0.74128 0.0935078 0.0685047 0.0601211 0.0317884 0.001781 0.00132681 0.000852555 0.000650481 0.000187162 
12 1810 0.517493 0.277342 0.0995707 0.0430907 0.0419014 0.00897169 0.00387227 0.00339838 0.00196956 0.00179686 0.000408636 0.000184383 
10 1811 0.538058 0.373208 0.0514827 0.0247211 0.00475661 0.00366336 0.00205849 0.00165296 0.000240207 0.000158025 
4 1812 0.999668 0.00032899 3.02682e-06 1.23872e-07 
1 1813 1 
1 1814 1 
2 1815 0.910126 0.0898741 
1 1816 1 
2 1817 0.999974 2.63877e-05 
1 1818 1 
1 1819 1 
1 1820 1 
2 1821 0.995442 0.00455801 
1 1822 1 
1 1823 1 
2 1824 0.999352 0.000648124 
1 1825 1 
2 1826 0.907312 0.0926881 
1 1827 1 
1 1828 1 
1 1829 1 
1 1830 1 
2 1831 0.977155 0.0228452 
1 1832 1 
4 1833 0.469525 0.457625 0.0394952 0.0333548 
1 1834 1 
1 1835 1 
1 1836 1 
1 1837 1 
2 1838 0.987081 0.0129189 
2 1839 0.967836 0.032164 
3 1840 0.983636 0.0162698 9.4329e-05 
3 1841 0.927509 0.0595832 0.0129076 
4 1842 0.967976 0.025821 0.00416473 0.00203832 
1 1843 1 
1 1844 1 
2 1845 0.987762 0.012238 
1 1846 1 
4 1847 0.806999 0.191421 0.000821528 0.000757765 
2 1848 0.999107 0.000892692 
1 1849 1 
1 1850 1 
1 1851 1 
1 1852 1 
1 1853 1 
1 1854 1 
1 1855 1 
1 1856 1 
1 1857 1 
1 1858 1 
1 1859 1 
1 1860 1 
1 1861 1 
2 1862 0.963619 0.0363808 
1 1863 1 
4 1864 0.561678 0.415114 0.0181948 0.00501254 
2 1865 0.983499 0.0165008 
1 1866 1 
2 1867 0.99137 0.00863001 
1 1868 1 
1 1869 1 
1 1870 1 
1 1871 1 
1 1872 1 
1 1873 1 
1 1874 1 
1 1875 1 
1 1876 1 
1 1877 1 
1 1878 1 
1 1879 1 
2 1880 0.833242 0.166758 
1 1881 1 
1 1882 1 
1 1883 1 
1 1884 1 
1 1885 1 
2 1886 0.989757 0.0102433 
2 1887 0.984289 0.0157106 
3 1888 0.882817 0.114451 0.00273167 
1 1889 1 
1 1890 1 
1 1891 1 
1 1892 1 
3 1893 0.990653 0.00588673 0.00345991 
2 1894 0.514266 0.485734 
1 1895 1 
1 1896 1 
2 1897 0.968943 0.0310568 
1 1898 1 
2 1899 0.980072 0.0199285 
3 1900 0.739185 0.235798 0.0250172 
1 1901 1 
1 1902 1 
1 1903 1 
1 1904 1 
1 1905 1 
1 1906 1 
1 1907 1 
1 1908 1 
1 1909 1 
1 1910 1 
1 1911 1 
1 1912 1 
1 1913 1 
1 1914 1 
1 1915 1 
1 1916 1 
1 1917 1 
2 1918 0.996335 0.0036648 
2 1919 0.921976 0.0780241 
2 1920 0.999017 0.000983297 
3 1921 0.542113 0.45701 0.000877228 
4 1922 0.513868 0.263498 0.222133 0.000501379 
3 1923 0.525429 0.445982 0.0285887 
4 1924 0.980459 0.00999678 0.0082306 0.00131407 
5 1925 0.715029 0.278635 0.0028416 0.00233917 0.00115513 
6 1926 0.687831 0.222343 0.086643 0.00157232 0.000883669 0.0007274 
3 1927 0.719767 0.276017 0.00421621 
1 1928 1 
1 1929 1 
1 1930 1 
1 1931 1 
1 1932 1 
1 1933 1 
1 1934 1 
1 1935 1 
1 1936 1 
1 1937 1 
1 1938 1 
1 1939 1 
1 1940 1 
1 1941 1 
1 1942 1 
1 1943 1 
1 1944 1 
1 1945 1 
1 1946 1 
3 1947 0.770649 0.223561 0.00579072 
2 1948 0.699532 0.300468 
1 1949 1 
1 1950 1 
1 1951 1 
1 1952 1 
1 1953 1 
1 1954 1 
1 1955 1 
1 1956 1 
1 1957 1 
1 1958 1 
1 1959 1 
2 1960 0.996013 0.00398665 
1 1961 1 
2 1962 0.997599 0.00240149 
4 1963 0.841711 0.0588415 0.0551515 0.0442964 
2 1964 0.978032 0.0219678 
4 1965 0.614768 0.358097 0.0222912 0.00484455 
1 1966 1 
1 1967 1 
1 1968 1 
1 1969 1 
2 1970 0.965742 0.0342576 
1 1971 1 
1 1972 1 
1 1973 1 
1 1974 1 
1 1975 1 
1 1976 1 
1 1977 1 
2 1978 0.523566 0.476434 
1 1979 1 
1 1980 1 
1 1981 1 
1 1982 1 
1 1983 1 
1 1984 1 
1 1985 1 
1 1986 1 
1 1987 1 
1 1988 1 
1 1989 1 
2 1990 0.968305 0.0316949 
1 1991 1 
1 1992 1 
1 1993 1 
1 1994 1 
3 1995 0.872722 0.0685482 0.0587301 
2 1996 0.936708 0.0632916 
1 1997 1 
2 1998 0.724501 0.275499 
4 1999 0.541957 0.304521 0.152156 0.0013664 
1 2000 1 
1 2001 1 
1 2002 1 
1 2003 1 
1 2004 1 
1 2005 1 
1 2006 1 
1 2007 1 
1 2008 1 
1 2009 1 
1 2010 1 
1 2011 1 
1 2012 1 
1 2013 1 
1 2014 1 
1 2015 1 
1 2016 1 
3 2017 0.638424 0.320565 0.041011 
1 2018 1 
1 2019 1 
1 2020 1 
2 2021 0.970987 0.0290132 
1 2022 1 
4 2023 0.640538 0.278338 0.069711 0.011413 
2 2024 0.99296 0.00704019 
1 2025 1 
2 2026 0.993016 0.00698399 
2 2027 0.987636 0.0123637 
5 2028 0.477421 0.431724 0.0436366 0.0397851 0.0074335 
3 2029 0.851478 0.140835 0.00768696 
1 2030 1 
1 2031 1 
1 2032 1 
1 2033 1 
1 2034 1 
2 2035 0.804331 0.195669 
3 2036 0.964937 0.0254081 0.00965506 
3 2037 0.940068 0.0476142 0.0123182 
3 2038 0.907415 0.0651701 0.0274153 
1 2039 1 
1 2040 1 
1 2041 1 
1 2042 1 
1 2043 1 
2 2044 0.994525 0.00547454 
1 2045 1 
1 2046 1 
2 2047 0.528001 0.471999 
1 2048 1 
2 2049 0.957567 0.0424328 
1 2050 1 
2 2051 0.977004 0.0229964 
2 2052 0.85651 0.14349 
4 2053 0.683086 0.288236 0.0279475 0.000729994 
5 2054 0.524837 0.330865 0.136214 0.00508845 0.00299507 
5 2055 0.970337 0.019677 0.00820261 0.00176253 2.08836e-05 
6 2056 0.845421 0.090973 0.0573509 0.00442242 0.00168547 0.000146909 
7 2057 0.887336 0.094975 0.0102199 0.00644282 0.000830518 0.000180193 1.58076e-05 
4 2058 0.536809 0.208777 0.148837 0.105577 
7 2059 0.978445 0.0161472 0.00448814 0.000449626 0.000390935 4.83828e-05 3.05014e-05 
9 2060 0.526018 0.294335 0.14082 0.0316392 0.00340459 0.00214631 0.00157273 5.94513e-05 5.24589e-06 
1 2061 1 
1 2062 1 
1 2063 1 
2 2064 0.993251 0.00674866 
1 2065 1 
2 2066 0.987514 0.0124864 
4 2067 0.817952 0.0748617 0.0705029 0.0366837 
2 2068 0.987963 0.0120366 
5 2069 0.449284 0.423125 0.0740108 0.0377893 0.0157915 
4 2070 0.762269 0.220663 0.0156116 0.00145623 
6 2071 0.713785 0.129972 0.122405 0.0258451 0.00748167 0.000510911 
6 2072 0.706398 0.128627 0.121138 0.0214597 0.0114192 0.0109572 
4 2073 0.590852 0.301684 0.0843181 0.0231462 
8 2074 0.476492 0.258536 0.189053 0.0344244 0.03242 0.00680457 0.0019698 0.000300837 
4 2075 0.781195 0.132325 0.0799406 0.00654022 
6 2076 0.726663 0.119961 0.0693486 0.0612509 0.0170941 0.0056826 
7 2077 0.465681 0.384784 0.0635216 0.0368949 0.0324337 0.00909437 0.0075898 
8 2078 0.539458 0.213905 0.176746 0.0291779 0.0169964 0.014898 0.00462867 0.00418953 
5 2079 0.756744 0.186533 0.0315963 0.0191382 0.00598779 
9 2080 0.364693 0.302397 0.164075 0.119978 0.0218468 0.0205747 0.0042567 0.00123223 0.000946656 
11 2081 0.418584 0.315304 0.125024 0.103305 0.0170539 0.00870762 0.00768524 0.00304918 0.000555223 0.000522893 0.000209914 
10 2082 0.683104 0.17822 0.0439302 0.0400458 0.030165 0.011961 0.00988313 0.00163155 0.000833057 0.000226528 
11 2083 0.466321 0.364199 0.0950185 0.0234215 0.0215709 0.0162485 0.00644285 0.00532361 0.000878839 0.000448729 0.000126901 
8 2084 0.362284 0.328106 0.155733 0.0661644 0.0450816 0.0297672 0.00989929 0.00296426 
9 2085 0.920727 0.0275406 0.0261786 0.0118387 0.00527908 0.00342707 0.0023973 0.00237504 0.000236509 
8 2086 0.436912 0.2998 0.113989 0.0944929 0.0280977 0.0191224 0.00475939 0.00282646 
11 2087 0.61361 0.123738 0.102601 0.0556693 0.0407079 0.0384802 0.00893374 0.00741245 0.00698087 0.00144757 0.000419046 
11 2088 0.628915 0.198226 0.154212 0.00592929 0.00552276 0.00254878 0.00224417 0.00111369 0.000737824 0.000501048 4.98949e-05 
12 2089 0.944506 0.0338254 0.00682107 0.00565589 0.00306879 0.00224403 0.00214373 0.000837401 0.000408613 0.000384821 8.06446e-05 2.33451e-05 
13 2090 0.682911 0.156876 0.0665389 0.0494454 0.0392257 0.001479 0.00140479 0.00087571 0.000635767 0.000283282 0.000184042 0.000127448 1.26914e-05 
13 2091 0.614014 0.361972 0.0129633 0.00306724 0.0026141 0.00216756 0.00117608 0.000860003 0.000821554 0.000156597 0.000147479 3.09058e-05 8.94666e-06 
14 2092 0.998196 0.000774908 0.000737423 0.000116114 4.60693e-05 3.98657e-05 3.10973e-05 2.34245e-05 9.28828e-06 8.38869e-06 7.90028e-06 7.67471e-06 1.26697e-06 6.46905e-07 
13 2093 0.989614 0.00357593 0.00260401 0.0019615 0.000777771 0.000642657 0.000225989 0.000215056 0.00016796 0.000106092 5.41699e-05 4.38203e-05 1.08015e-05 
11 2094 0.937121 0.0444492 0.00852716 0.00545394 0.00208775 0.00125286 0.00054469 0.000394886 0.000134263 2.27424e-05 1.18118e-05 
15 2095 0.633997 0.156682 0.100213 0.0671367 0.0230207 0.00725584 0.00702379 0.00414064 0.000217035 0.000148288 9.32952e-05 2.9903e-05 2.70072e-05 1.34533e-05 1.3397e-06 
15 2096 0.989043 0.0085712 0.000929446 0.000896715 0.000528629 1.89316e-05 3.81767e-06 3.16553e-06 1.71756e-06 1.25595e-06 1.12497e-06 2.28696e-07 2.1538e-07 4.232e-08 1.22508e-08 
16 2097 0.905963 0.0929462 0.00080581 0.000147989 8.43037e-05 4.96982e-05 1.77983e-06 3.58912e-07 2.97603e-07 1.61474e-07 1.18076e-07 1.0554e-07 2.15005e-08 2.02486e-08 3.97026e-09 1.14932e-09 
16 2098 0.937855 0.0230573 0.0136095 0.00778007 0.00583092 0.00497608 0.00459547 0.00114309 0.000480776 0.000360288 0.000283425 1.07769e-05 1.01503e-05 4.63257e-06 2.04685e-06 9.20876e-07 
2 2099 1 1.14572e-07 
3 2100 0.999972 2.78843e-05 4.32691e-07 
1 2101 1 
1 2102 1 
2 2103 0.877772 0.122228 
1 2104 1 
1 2105 1 
1 2106 1 
1 2107 1 
1 2108 1 
3 2109 0.562093 0.370439 0.0674677 
2 2110 0.586297 0.413703 
5 2111 0.507454 0.361309 0.0635234 0.0595277 0.00818529 
2 2112 0.999993 6.92698e-06 
5 2113 0.999947 2.72739e-05 2.35902e-05 1.74155e-06 8.81878e-08 
3 2114 0.847724 0.123255 0.029021 
1 2115 1 
1 2116 1 
1 2117 1 
1 2118 1 
2 2119 0.921778 0.0782223 
1 2120 1 
1 2121 1 
1 2122 1 
1 2123 1 
1 2124 1 
2 2125 0.984286 0.015714 
1 2126 1 
1 2127 1 
1 2128 1 
3 2129 0.959692 0.0216183 0.0186899 
1 2130 1 
1 2131 1 
1 2132 1 
1 2133 1 
1 2134 1 
3 2135 0.727174 0.174749 0.0980774 
1 2136 1 
1 2137 1 
1 2138 1 
1 2139 1 
1 2140 1 
1 2141 1 
1 2142 1 
1 2143 1 
1 2144 1 
1 2145 1 
1 2146 1 
2 2147 0.999724 0.000276338 
1 2148 1 
1 2149 1 
1 2150 1 
2 2151 0.989576 0.0104241 
1 2152 1 
2 2153 0.975307 0.0246927 
1 2154 1 
1 2155 1 
1 2156 1 
1 2157 1 
1 2158 1 
1 2159 1 
1 2160 1 
1 2161 1 
1 2162 1 
1 2163 1 
1 2164 1 
1 2165 1 
1 2166 1 
1 2167 1 
2 2168 0.513225 0.486775 
3 2169 0.920657 0.0759859 0.00335742 
1 2170 1 
1 2171 1 
3 2172 0.540805 0.454436 0.0047589 
2 2173 0.712951 0.287049 
1 2174 1 
1 2175 1 
1 2176 1 
1 2177 1 
2 2178 0.658662 0.341338 
3 2179 0.618817 0.373651 0.0075323 
1 2180 1 
1 2181 1 
1 2182 1 
1 2183 1 
1 2184 1 
1 2185 1 
2 2186 0.985234 0.0147662 
2 2187 0.897724 0.102276 
3 2188 0.937547 0.0543454 0.00810808 
3 2189 0.956799 0.0371745 0.00602673 
5 2190 0.452446 0.392171 0.0740006 0.0548045 0.0265777 
5 2191 0.533337 0.394987 0.0395776 0.0229232 0.00917536 
4 2192 0.845795 0.140768 0.0125337 0.000903177 
7 2193 0.567712 0.21141 0.156569 0.0356087 0.0155568 0.0091412 0.00400212 
5 2194 0.657831 0.287395 0.0478318 0.00663525 0.000306694 
3 2195 0.870957 0.0796654 0.0493776 
1 2196 1 
1 2197 1 
1 2198 1 
1 2199 1 
1 2200 1 
2 2201 0.911043 0.088957 
1 2202 1 
1 2203 1 
1 2204 1 
1 2205 1 
1 2206 1 
1 2207 1 
1 2208 1 
1 2209 1 
1 2210 1 
1 2211 1 
1 2212 1 
1 2213 1 
1 2214 1 
1 2215 1 
2 2216 0.987919 0.0120805 
3 2217 0.803916 0.190939 0.00514556 
1 2218 1 
1 2219 1 
1 2220 1 
1 2221 1 
1 2222 1 
1 2223 1 
1 2224 1 
1 2225 1 
1 2226 1 
1 2227 1 
1 2228 1 
1 2229 1 
1 2230 1 
1 2231 1 
1 2232 1 
1 2233 1 
1 2234 1 
1 2235 1 
1 2236 1 
1 2237 1 
1 2238 1 
1 2239 1 
1 2240 1 
3 2241 0.9536 0.0397473 0.00665311 
1 2242 1 
1 2243 1 
1 2244 1 
1 2245 1 
2 2246 0.967286 0.0327143 
1 2247 1 
2 2248 0.986091 0.0139087 
3 2249 0.845883 0.119856 0.0342611 
1 2250 1 
2 2251 0.855239 0.144761 
1 2252 1 
1 2253 1 
1 2254 1 
3 2255 0.999997 2.6402e-06 4.61169e-07 
4 2256 0.966715 0.0331767 9.23223e-05 1.61262e-05 
5 2257 0.848331 0.151431 0.000199761 3.48927e-05 3.51684e-06 
3 2258 0.661025 0.338319 0.000656327 
4 2259 0.828961 0.170883 0.000150774 5.3717e-06 
6 2260 0.560699 0.367304 0.036747 0.0352498 2.20457e-08 3.85078e-09 
1 2261 1 
1 2262 1 
1 2263 1 
2 2264 0.997599 0.00240097 
2 2265 0.99995 5.00663e-05 
1 2266 1 
1 2267 1 
1 2268 1 
1 2269 1 
1 2270 1 
1 2271 1 
1 2272 1 
1 2273 1 
2 2274 0.832956 0.167044 
1 2275 1 
2 2276 0.940389 0.0596107 
1 2277 1 
2 2278 0.893469 0.106531 
1 2279 1 
3 2280 0.647153 0.351404 0.00144259 
4 2281 0.989573 0.0069297 0.00348264 1.42969e-05 
4 2282 0.811507 0.0912134 0.0832762 0.0140039 
5 2283 0.51582 0.387814 0.0440154 0.0401853 0.0121649 
5 2284 0.518516 0.473395 0.00642044 0.00166183 6.8221e-06 
6 2285 0.500727 0.258643 0.236136 0.0036608 0.000828951 3.403e-06 
8 2286 0.440866 0.242611 0.182405 0.0453464 0.0396709 0.0204914 0.0187083 0.00990085 
5 2287 0.641968 0.216923 0.140803 0.000304744 1.25103e-06 
9 2288 0.427995 0.247295 0.136088 0.102316 0.0257349 0.022514 0.015811 0.0116292 0.0106173 
6 2289 0.951655 0.0280641 0.0107512 0.00951635 1.34056e-05 5.5033e-08 
10 2290 0.535278 0.18809 0.108678 0.0598059 0.0449646 0.0317251 0.011484 0.0100467 0.00518947 0.0047379 
9 2291 0.298054 0.26075 0.134687 0.122966 0.0936631 0.0538266 0.0356186 0.000432823 1.77683e-06 
1 2292 1 
1 2293 1 
1 2294 1 
1 2295 1 
1 2296 1 
1 2297 1 
1 2298 1 
1 2299 1 
2 2300 0.999399 0.000601334 
1 2301 1 
1 2302 1 
1 2303 1 
1 2304 1 
1 2305 1 
1 2306 1 
1 2307 1 
3 2308 0.831857 0.139778 0.0283652 
1 2309 1 
4 2310 0.6767 0.257458 0.0439372 0.0219047 
1 2311 1 
1 2312 1 
1 2313 1 
1 2314 1 
1 2315 1 
1 2316 1 
1 2317 1 
1 2318 1 
1 2319 1 
1 2320 1 
1 2321 1 
1 2322 1 
1 2323 1 
2 2324 0.996306 0.0036937 
1 2325 1 
2 2326 0.948747 0.0512526 
3 2327 0.708711 0.290322 0.000966889 
4 2328 0.397952 0.336981 0.264108 0.000959035 
1 2329 1 
1 2330 1 
1 2331 1 
2 2332 0.996419 0.00358145 
3 2333 0.721905 0.258675 0.0194204 
4 2334 0.890783 0.0627746 0.0416362 0.00480657 
2 2335 0.553627 0.446373 
1 2336 1 
2 2337 0.979765 0.0202348 
2 2338 0.612754 0.387246 
5 2339 0.724369 0.218908 0.0445417 0.0101519 0.00202954 
1 2340 1 
1 2341 1 
1 2342 1 
1 2343 1 
1 2344 1 
1 2345 1 
1 2346 1 
1 2347 1 
1 2348 1 
1 2349 1 
1 2350 1 
1 2351 1 
1 2352 1 
1 2353 1 
1 2354 1 
1 2355 1 
1 2356 1 
1 2357 1 
1 2358 1 
1 2359 1 
1 2360 1 
1 2361 1 
1 2362 1 
1 2363 1 
1 2364 1 
1 2365 1 
1 2366 1 
1 2367 1 
1 2368 1 
1 2369 1 
2 2370 0.975241 0.0247594 
1 2371 1 
4 2372 0.46256 0.415603 0.0832098 0.0386263 
2 2373 0.980228 0.0197724 
2 2374 0.750451 0.249549 
4 2375 0.476036 0.30589 0.149554 0.0685192 
1 2376 1 
1 2377 1 
1 2378 1 
2 2379 0.984768 0.0152317 
1 2380 1 
2 2381 0.992135 0.00786482 
3 2382 0.676859 0.320443 0.00269772 
2 2383 0.925291 0.0747089 
3 2384 0.971731 0.0262077 0.00206079 
3 2385 0.997863 0.00110512 0.00103187 
4 2386 0.914193 0.0851075 0.00059476 0.000104935 
4 2387 0.566241 0.418927 0.0148257 5.84157e-06 
6 2388 0.538422 0.407083 0.0501249 0.00418327 0.000139228 4.78945e-05 
6 2389 0.793239 0.086299 0.0814605 0.0385656 0.000250609 0.00018541 
6 2390 0.777302 0.178038 0.0299124 0.00616877 0.00582292 0.00275672 
7 2391 0.469153 0.203825 0.175348 0.150733 0.000652037 0.000271848 1.75855e-05 
8 2392 0.985741 0.00652262 0.00310805 0.00243785 0.00217657 9.31112e-06 3.92467e-06 2.51122e-07 
7 2393 0.919756 0.0678971 0.006683 0.00249781 0.00215577 0.000777358 0.000232535 
9 2394 0.857863 0.060584 0.0556846 0.0238119 0.00164711 0.000277833 5.51456e-05 5.20539e-05 2.46436e-05 
10 2395 0.510388 0.469113 0.0104107 0.00478308 0.0031041 0.00116017 0.00103518 4.38612e-06 1.87305e-06 1.18294e-07 
2 2396 0.998788 0.00121248 
1 2397 1 
1 2398 1 
1 2399 1 
1 2400 1 
1 2401 1 
1 2402 1 
2 2403 0.687114 0.312886 
1 2404 1 
1 2405 1 
1 2406 1 
1 2407 1 
1 2408 1 
1 2409 1 
1 2410 1 
2 2411 0.999997 2.82196e-06 
1 2412 1 
1 2413 1 
1 2414 1 
1 2415 1 
1 2416 1 
1 2417 1 
1 2418 1 
2 2419 0.980116 0.019884 
4 2420 0.829799 0.0837478 0.0534384 0.0330152 
5 2421 0.590987 0.33872 0.0346403 0.0221036 0.0135485 
1 2422 1 
2 2423 0.99182 0.00817978 
5 2424 0.523667 0.334145 0.0732595 0.0570824 0.0118462 
6 2425 0.47708 0.272669 0.173987 0.0385952 0.0300726 0.00759714 
8 2426 0.340191 0.338502 0.19401 0.0419991 0.0341087 0.0194943 0.0192564 0.0124391 
3 2427 0.556392 0.433529 0.010079 
2 2428 0.79542 0.20458 
6 2429 0.487463 0.196556 0.19558 0.112095 0.00489556 0.00341103 
9 2430 0.358501 0.291149 0.166403 0.10618 0.0363614 0.0146617 0.0145889 0.00836155 0.00379371 
10 2431 0.823047 0.0629837 0.051151 0.0292347 0.0186543 0.00646186 0.00260557 0.00259262 0.00178294 0.00148594 
1 2432 1 
1 2433 1 
1 2434 1 
2 2435 0.96122 0.0387798 
1 2436 1 
4 2437 0.573661 0.300389 0.0746116 0.0513388 
2 2438 0.857605 0.142395 
1 2439 1 
2 2440 0.986027 0.0139734 
3 2441 0.455562 0.415196 0.129242 
4 2442 0.733449 0.114641 0.079476 0.0724339 
2 2443 0.736365 0.263635 
5 2444 0.334729 0.270973 0.251644 0.141891 0.000763512 
6 2445 0.546709 0.247408 0.172935 0.0211314 0.0110651 0.000751569 
4 2446 0.691856 0.184511 0.122023 0.00161089 
7 2447 0.848778 0.0900731 0.0502623 0.00442832 0.00412705 0.00231882 1.23061e-05 
7 2448 0.974909 0.0155192 0.00630752 0.0028806 0.000245952 0.000128789 8.68653e-06 
9 2449 0.819153 0.0895218 0.0743322 0.00957391 0.00627026 0.000467061 0.000435381 0.000244569 1.30032e-06 
8 2450 0.882599 0.113678 0.00260507 0.00073548 0.000336984 2.87105e-05 1.50338e-05 1.01342e-06 
7 2451 0.50741 0.16526 0.150617 0.0953058 0.0767093 0.00407362 0.000624187 
11 2452 0.465238 0.393858 0.0518787 0.0430431 0.0360593 0.00472579 0.00464441 0.000224568 0.000209617 0.000117592 6.22363e-07 
1 2453 1 
1 2454 1 
1 2455 1 
1 2456 1 
1 2457 1 
2 2458 0.886244 0.113756 
3 2459 0.962281 0.0339067 0.00381186 
2 2460 0.983802 0.0161984 
3 2461 0.933587 0.0376122 0.0288009 
2 2462 0.747384 0.252616 
1 2463 1 
1 2464 1 
1 2465 1 
1 2466 1 
1 2467 1 
1 2468 1 
1 2469 1 
1 2470 1 
1 2471 1 
2 2472 0.924798 0.0752021 
1 2473 1 
2 2474 0.999998 2.39264e-06 
2 2475 0.86912 0.13088 
1 2476 1 
2 2477 0.992774 0.00722578 
3 2478 0.525292 0.463502 0.0112063 
1 2479 1 
2 2480 0.717502 0.282498 
1 2481 1 
1 2482 1 
2 2483 0.999813 0.0001873 
1 2484 1 
1 2485 1 
1 2486 1 
1 2487 1 
1 2488 1 
1 2489 1 
2 2490 0.981837 0.0181632 
3 2491 0.909133 0.0747047 0.0161626 
3 2492 0.938376 0.0464596 0.0151648 
3 2493 0.929839 0.0620572 0.0081035 
4 2494 0.724398 0.261612 0.0118625 0.0021284 
4 2495 0.583668 0.204627 0.166516 0.0451884 
5 2496 0.773373 0.0973427 0.0813969 0.0431136 0.00477425 
1 2497 1 
1 2498 1 
1 2499 1 
1 2500 1 
2 2501 0.999411 0.00058923 
1 2502 1 
1 2503 1 
2 2504 0.969156 0.0308444 
1 2505 1 
1 2506 1 
1 2507 1 
2 2508 0.963347 0.0366528 
1 2509 1 
1 2510 1 
1 2511 1 
1 2512 1 
1 2513 1 
2 2514 0.87932 0.12068 
1 2515 1 
1 2516 1 
1 2517 1 
1 2518 1 
1 2519 1 
1 2520 1 
1 2521 1 
2 2522 0.960955 0.0390448 
1 2523 1 
1 2524 1 
2 2525 0.994251 0.00574932 
4 2526 0.586173 0.402777 0.00912118 0.00192858 
3 2527 0.906141 0.0822032 0.0116562 
4 2528 0.850485 0.135136 0.012419 0.0019596 
4 2529 0.987449 0.00473646 0.00456026 0.00325458 
5 2530 0.487082 0.432425 0.0687092 0.00625612 0.00552761 
6 2531 0.731319 0.131813 0.117021 0.0185939 0.00102417 0.000228715 
6 2532 0.457111 0.21903 0.156702 0.0823899 0.0731444 0.0116221 
4 2533 0.733312 0.250591 0.016011 8.56934e-05 
1 2534 1 
1 2535 1 
1 2536 1 
1 2537 1 
