1 0 0 1
1 1 1 1
1 2 2 1
1 3 3 1
3 4 3 0.010602 2 0.963201 4 0.0261966
2 5 3 0.989791 5 0.0102092
3 6 5 0.530552 3 0.432892 6 0.0365567
1 7 7 1
1 8 8 1
1 9 9 1
1 10 10 1
2 11 10 0.992688 11 0.00731233
3 12 11 0.533455 10 0.462669 12 0.00387608
2 13 7 0.916882 13 0.083118
5 14 12 0.0969938 11 0.0852835 10 0.0739668 9 0.718945 14 0.0248108
5 15 13 6.49618e-08 12 4.16043e-06 11 3.65814e-06 10 3.17273e-06 15 0.999989
1 16 16 1
1 17 17 1
1 18 18 1
1 19 19 1
1 20 20 1
1 21 21 1
1 22 22 1
1 23 23 1
1 24 24 1
2 25 24 0.976425 25 0.0235753
2 26 23 0.021125 26 0.978875
1 27 27 1
1 28 28 1
1 29 29 1
1 30 30 1
1 31 31 1
1 32 32 1
1 33 33 1
1 34 34 1
1 35 35 1
1 36 36 1
1 37 37 1
1 38 38 1
1 39 39 1
1 40 40 1
1 41 41 1
1 42 42 1
2 43 42 0.990142 43 0.00985823
2 44 42 0.257242 44 0.742758
4 45 44 0.067489 43 0.492266 42 0.416102 45 0.0241424
5 46 45 0.716659 44 0.0170105 43 0.122941 42 0.103919 46 0.0394702
1 47 47 1
1 48 48 1
1 49 49 1
1 50 50 1
1 51 51 1
1 52 52 1
3 53 52 0.0117784 51 0.971022 53 0.0171993
2 54 52 0.992537 54 0.00746317
1 55 55 1
2 56 50 0.999054 56 0.00094641
4 57 53 0.726666 51 0.2687 50 0.00263905 57 0.00199554
3 58 56 0.0270533 55 0.966767 58 0.00617964
5 59 58 0.00150539 55 0.0069493 54 0.652693 52 0.327985 59 0.0108673
6 60 59 0.722994 54 0.164493 53 0.0236155 52 0.0826593 51 0.0006483 60 0.00558969
1 61 61 1
1 62 62 1
1 63 63 1
2 64 63 0.988629 64 0.0113713
1 65 65 1
4 66 64 0.00869282 63 0.00861085 62 0.882043 66 0.100654
2 67 65 0.968594 67 0.0314056
1 68 68 1
1 69 69 1
2 70 69 0.959171 70 0.0408289
1 71 71 1
1 72 72 1
1 73 73 1
1 74 74 1
1 75 75 1
1 76 76 1
1 77 77 1
1 78 78 1
1 79 79 1
1 80 80 1
1 81 81 1
1 82 82 1
1 83 83 1
1 84 84 1
1 85 85 1
1 86 86 1
1 87 87 1
2 88 87 0.95634 88 0.0436604
1 89 89 1
1 90 90 1
1 91 91 1
1 92 92 1
1 93 93 1
1 94 94 1
1 95 95 1
1 96 96 1
1 97 97 1
2 98 97 0.107146 98 0.892854
1 99 99 1
2 100 96 0.508326 100 0.491674
3 101 98 0.910164 96 0.0183381 101 0.0714974
3 102 99 0.00112027 97 0.0485112 102 0.950369
1 103 103 1
1 104 104 1
2 105 103 0.0597784 105 0.940222
1 106 106 1
1 107 107 1
1 108 108 1
1 109 109 1
1 110 110 1
1 111 111 1
1 112 112 1
1 113 113 1
1 114 114 1
1 115 115 1
1 116 116 1
1 117 117 1
1 118 118 1
1 119 119 1
1 120 120 1
1 121 121 1
2 122 121 0.990323 122 0.00967658
3 123 122 1.60891e-08 121 1.06762e-08 123 1
1 124 124 1
2 125 124 0.76633 125 0.23367
1 126 126 1
1 127 127 1
1 128 128 1
1 129 129 1
1 130 130 1
2 131 127 0.00299049 131 0.99701
3 132 131 4.25284e-05 130 0.0151227 132 0.984835
1 133 133 1
1 134 134 1
1 135 135 1
1 136 136 1
1 137 137 1
1 138 138 1
1 139 139 1
1 140 140 1
1 141 141 1
1 142 142 1
1 143 143 1
1 144 144 1
1 145 145 1
1 146 146 1
3 147 146 0.0854856 145 0.899 147 0.0155146
4 148 147 0.54445 146 0.0389802 145 0.409465 148 0.00710499
5 149 148 0.343182 147 0.341344 146 0.0246512 145 0.256716 149 0.0341065
1 150 150 1
1 151 151 1
1 152 152 1
1 153 153 1
3 154 153 0.0126809 152 0.870298 154 0.117021
2 155 153 0.946218 155 0.0537823
1 156 156 1
2 157 151 0.958989 157 0.0410109
3 158 157 0.000587273 156 0.995283 158 0.00412923
4 159 154 0.0523876 152 0.0109272 151 0.437632 159 0.499053
5 160 155 0.488122 154 0.240111 153 0.0975174 152 0.0500833 160 0.124167
5 161 158 0.014697 156 0.0133344 155 0.654445 153 0.130745 161 0.186779
4 162 158 0.427069 157 0.109319 156 0.387474 162 0.076138
1 163 163 1
2 164 163 0.887523 164 0.112477
1 165 165 1
1 166 166 1
1 167 167 1
1 168 168 1
1 169 169 1
1 170 170 1
1 171 171 1
1 172 172 1
1 173 173 1
1 174 174 1
2 175 174 0.543053 175 0.456947
1 176 176 1
2 177 176 0.984335 177 0.0156647
1 178 178 1
1 179 179 1
1 180 180 1
1 181 181 1
1 182 182 1
1 183 183 1
1 184 184 1
1 185 185 1
1 186 186 1
1 187 187 1
2 188 187 0.961572 188 0.0384284
1 189 189 1
1 190 190 1
1 191 191 1
1 192 192 1
2 193 192 0.919494 193 0.0805057
1 194 194 1
1 195 195 1
1 196 196 1
1 197 197 1
1 198 198 1
1 199 199 1
2 200 199 0.948048 200 0.0519525
1 201 201 1
1 202 202 1
1 203 203 1
1 204 204 1
1 205 205 1
1 206 206 1
2 207 206 7.42655e-06 207 0.999993
1 208 208 1
1 209 209 1
1 210 210 1
2 211 209 0.000610419 211 0.99939
3 212 211 0.960127 209 7.44769e-06 212 0.0398655
2 213 209 0.0103256 213 0.989674
1 214 214 1
2 215 214 0.984952 215 0.0150483
1 216 216 1
1 217 217 1
1 218 218 1
1 219 219 1
1 220 220 1
2 221 220 0.266685 221 0.733315
1 222 222 1
1 223 223 1
1 224 224 1
1 225 225 1
1 226 226 1
2 227 226 0.957881 227 0.0421191
1 228 228 1
1 229 229 1
1 230 230 1
1 231 231 1
1 232 232 1
3 233 231 0.0742985 230 0.895329 233 0.0303722
2 234 229 0.772284 234 0.227716
3 235 232 0.0600145 231 0.899684 235 0.0403018
4 236 235 0.639346 232 0.0216148 231 0.322803 236 0.0162367
3 237 234 0.0852224 232 0.889439 237 0.025339
4 238 237 0.660819 234 0.0292936 232 0.301141 238 0.00874723
5 239 238 0.398064 237 0.390492 234 0.017344 232 0.17795 239 0.0161498
8 240 239 0.0743911 238 0.0238101 237 0.0233571 236 0.357292 235 0.318253 232 0.010644 231 0.160684 240 0.0315679
3 241 234 0.932806 229 0.0208234 241 0.0463706
4 242 241 0.872312 234 0.11242 229 0.00251006 242 0.0127577
1 243 243 1
1 244 244 1
1 245 245 1
1 246 246 1
3 247 245 0.0520949 244 0.914549 247 0.033356
3 248 246 0.0751845 245 0.874488 248 0.0503273
2 249 243 0.973516 249 0.026484
4 250 247 0.0985885 244 0.0611342 243 0.752198 250 0.0880798
4 251 248 0.00074423 246 1.67475e-05 245 0.000167966 251 0.999071
3 252 249 0.000151541 246 3.80293e-05 252 0.99981
1 253 253 1
1 254 254 1
2 255 254 0.985225 255 0.0147752
1 256 256 1
1 257 257 1
1 258 258 1
1 259 259 1
1 260 260 1
1 261 261 1
1 262 262 1
1 263 263 1
1 264 264 1
1 265 265 1
2 266 265 0.934244 266 0.0657562
1 267 267 1
1 268 268 1
2 269 268 0.967705 269 0.0322951
1 270 270 1
1 271 271 1
1 272 272 1
2 273 272 0.990573 273 0.00942723
1 274 274 1
1 275 275 1
1 276 276 1
1 277 277 1
1 278 278 1
1 279 279 1
1 280 280 1
2 281 280 0.92164 281 0.0783599
1 282 282 1
1 283 283 1
1 284 284 1
2 285 284 0.974967 285 0.0250332
1 286 286 1
1 287 287 1
1 288 288 1
1 289 289 1
1 290 290 1
1 291 291 1
2 292 288 0.696242 292 0.303758
1 293 293 1
1 294 294 1
2 295 294 0.933605 295 0.0663947
3 296 295 0.743316 294 0.236778 296 0.0199064
1 297 297 1
5 298 297 0.0345911 296 0.445271 295 0.376669 294 0.119984 298 0.0234851
2 299 297 0.973507 299 0.0264935
1 300 300 1
4 301 300 0.0624819 299 0.612818 297 0.292557 301 0.0321427
1 302 302 1
1 303 303 1
1 304 304 1
1 305 305 1
2 306 302 0.953311 306 0.0466886
3 307 303 0.990657 302 0.00376327 307 0.00557968
4 308 307 0.0709723 306 0.917564 302 0.0108759 308 0.000587495
4 309 307 0.932983 303 0.066134 302 0.000253879 309 0.00062946
6 310 309 0.0483781 308 0.512529 307 0.0286194 306 0.405851 302 0.00422504 310 0.00039818
5 311 309 0.610428 307 0.361116 303 0.0255974 302 9.83689e-05 311 0.00276019
3 312 304 0.899755 303 0.0137054 312 0.0865393
1 313 313 1
1 314 314 1
1 315 315 1
1 316 316 1
1 317 317 1
1 318 318 1
1 319 319 1
1 320 320 1
1 321 321 1
1 322 322 1
2 323 322 0.980013 323 0.0199868
3 324 320 0.000817289 319 0.0458126 324 0.95337
1 325 325 1
1 326 326 1
1 327 327 1
1 328 328 1
1 329 329 1
1 330 330 1
1 331 331 1
1 332 332 1
1 333 333 1
1 334 334 1
1 335 335 1
1 336 336 1
1 337 337 1
2 338 337 0.00477227 338 0.995228
1 339 339 1
1 340 340 1
1 341 341 1
3 342 341 3.2915e-06 340 5.00892e-05 342 0.999947
2 343 341 0.000336204 343 0.999664
1 344 344 1
1 345 345 1
2 346 342 0.998955 346 0.00104514
3 347 346 0.458311 345 0.00432553 347 0.537364
3 348 346 0.0392008 342 0.00434885 348 0.95645
1 349 349 1
1 350 350 1
1 351 351 1
1 352 352 1
1 353 353 1
1 354 354 1
1 355 355 1
2 356 355 0.991047 356 0.00895279
1 357 357 1
2 358 353 0.971985 358 0.0280149
3 359 354 0.993955 353 0.00596961 359 7.58091e-05
1 360 360 1
1 361 361 1
1 362 362 1
1 363 363 1
1 364 364 1
2 365 364 0.418059 365 0.581941
1 366 366 1
2 367 366 0.980708 367 0.0192916
2 368 362 0.70548 368 0.29452
3 369 363 0.21224 362 0.770934 369 0.0168264
4 370 365 0.240369 364 0.0300348 363 0.360871 370 0.368725
5 371 367 0.144773 366 0.0956566 365 0.000581934 364 0.205891 371 0.553098
1 372 372 1
1 373 373 1
1 374 374 1
1 375 375 1
1 376 376 1
1 377 377 1
2 378 377 0.997833 378 0.0021671
2 379 374 0.994666 379 0.00533368
3 380 375 0.985216 374 0.00853803 380 0.00624606
4 381 379 0.0304978 378 0.494048 377 0.473832 381 0.00162251
5 382 381 0.437852 379 0.0170303 378 0.277533 377 0.266176 382 0.00140827
1 383 383 1
1 384 384 1
1 385 385 1
1 386 386 1
1 387 387 1
1 388 388 1
1 389 389 1
1 390 390 1
2 391 390 0.99696 391 0.00304022
1 392 392 1
4 393 391 0.0757734 390 0.073066 389 0.826028 393 0.0251322
4 394 392 0.00826761 391 0.489122 390 0.471645 394 0.0309651
1 395 395 1
1 396 396 1
1 397 397 1
1 398 398 1
1 399 399 1
1 400 400 1
1 401 401 1
2 402 400 7.64293e-05 402 0.999924
3 403 402 1.35334e-05 401 8.97419e-05 403 0.999897
2 404 402 0.000144479 404 0.999856
1 405 405 1
1 406 406 1
2 407 403 0.153977 407 0.846023
3 408 404 0.745038 403 0.00409462 408 0.250867
1 409 409 1
1 410 410 1
1 411 411 1
1 412 412 1
3 413 412 0.0134761 411 0.861535 413 0.124989
1 414 414 1
1 415 415 1
1 416 416 1
1 417 417 1
1 418 418 1
1 419 419 1
1 420 420 1
1 421 421 1
1 422 422 1
2 423 422 0.758714 423 0.241286
4 424 423 0.519536 422 0.0139703 421 0.18809 424 0.278404
3 425 423 0.897778 422 0.0656027 425 0.0366188
1 426 426 1
2 427 420 0.386289 427 0.613711
3 428 427 0.0997327 426 0.881366 428 0.0189015
4 429 424 0.965546 421 0.0138579 420 0.000198726 429 0.0203971
6 430 425 0.602121 424 0.0352502 423 0.333988 422 0.0245269 421 3.67235e-05 430 0.00407717
6 431 430 0.05752 429 0.712711 424 0.21933 421 0.0031473 420 4.43979e-05 431 0.00724755
1 432 432 1
1 433 433 1
1 434 434 1
1 435 435 1
1 436 436 1
1 437 437 1
1 438 438 1
1 439 439 1
2 440 438 0.000487947 440 0.999512
3 441 440 0.924206 438 1.25854e-05 441 0.0757814
2 442 438 1.2432e-05 442 0.999988
1 443 443 1
1 444 444 1
1 445 445 1
1 446 446 1
1 447 447 1
1 448 448 1
1 449 449 1
1 450 450 1
2 451 450 0.000215342 451 0.999785
2 452 450 5.28071e-06 452 0.999995
1 453 453 1
2 454 453 0.992837 454 0.00716283
1 455 455 1
1 456 456 1
1 457 457 1
1 458 458 1
1 459 459 1
2 460 459 0.981382 460 0.0186185
1 461 461 1
2 462 457 0.957305 462 0.0426946
1 463 463 1
1 464 464 1
1 465 465 1
1 466 466 1
2 467 466 0.833235 467 0.166765
1 468 468 1
1 469 469 1
1 470 470 1
1 471 471 1
1 472 472 1
1 473 473 1
1 474 474 1
1 475 475 1
1 476 476 1
1 477 477 1
3 478 477 0.0516034 476 0.933302 478 0.0150947
1 479 479 1
3 480 479 0.018187 477 0.976214 480 0.00559926
2 481 475 0.916095 481 0.0839053
3 482 481 0.748979 475 0.228766 482 0.0222552
4 483 478 0.642477 476 0.333023 475 0.0128871 483 0.0116133
4 484 480 0.655444 479 0.0072034 477 0.334424 484 0.00292867
6 485 484 0.499092 480 0.32688 478 0.003398 477 0.166783 476 0.00176133 485 0.00208502
7 486 485 0.357213 484 0.320359 480 0.209819 478 0.00219437 477 0.107055 476 0.00113744 486 0.0022235
5 487 484 0.499185 480 0.326941 479 0.00363613 477 0.166814 487 0.00342449
6 488 487 0.0367574 484 0.0156788 480 0.0102689 479 0.925507 477 0.00523944 488 0.00654863
4 489 482 0.0461755 481 0.0434742 479 0.716043 489 0.194308
8 490 489 0.824494 488 0.0511204 487 0.0174214 484 0.0074311 480 0.004867 479 0.0890017 477 0.00248327 490 0.00318135
5 491 489 0.033428 482 0.493987 481 0.465093 479 0.00360846 491 0.00388356
1 492 492 1
1 493 493 1
1 494 494 1
1 495 495 1
1 496 496 1
1 497 497 1
2 498 496 4.93495e-06 498 0.999995
1 499 499 1
1 500 500 1
1 501 501 1
1 502 502 1
1 503 503 1
1 504 504 1
1 505 505 1
3 506 504 0.0950158 503 0.884456 506 0.0205279
3 507 505 0.056356 504 0.93524 507 0.00840377
5 508 507 0.0476631 506 0.581502 504 0.0339343 503 0.327199 508 0.00970127
4 509 507 0.567415 505 0.0242938 504 0.403977 509 0.0043141
2 510 505 0.976356 510 0.023644
6 511 510 0.00765445 509 0.230178 507 0.193172 505 0.00206855 504 0.137531 511 0.429395
7 512 511 0.170834 510 0.041227 509 0.315989 507 0.265187 505 0.0111412 504 0.188803 512 0.00681829
3 513 510 0.774477 505 0.209296 513 0.0162269
4 514 513 0.710983 510 0.221987 505 0.05999 514 0.00703962
2 515 502 0.940676 515 0.0593239
5 516 508 0.441406 506 0.345408 503 0.194354 502 0.0141944 516 0.00463747
4 517 516 0.0534707 515 0.911818 502 0.0298757 517 0.0048353
1 518 518 1
1 519 519 1
1 520 520 1
1 521 521 1
1 522 522 1
1 523 523 1
1 524 524 1
2 525 523 3.11202e-06 525 0.999997
1 526 526 1
1 527 527 1
2 528 527 0.987697 528 0.0123028
1 529 529 1
1 530 530 1
1 531 531 1
1 532 532 1
1 533 533 1
2 534 530 0.965067 534 0.0349333
3 535 534 0.0829191 533 0.900193 535 0.016888
3 536 534 0.941388 530 0.053946 536 0.00466556
4 537 535 0.00676389 533 0.00235863 532 0.0464484 537 0.944429
5 538 536 0.0262566 535 0.379952 534 0.0109973 533 0.132493 538 0.450301
1 539 539 1
1 540 540 1
1 541 541 1
1 542 542 1
1 543 543 1
2 544 543 0.941218 544 0.0587824
1 545 545 1
1 546 546 1
1 547 547 1
1 548 548 1
1 549 549 1
1 550 550 1
1 551 551 1
1 552 552 1
1 553 553 1
1 554 554 1
1 555 555 1
1 556 556 1
2 557 556 0.932686 557 0.0673142
1 558 558 1
1 559 559 1
1 560 560 1
1 561 561 1
1 562 562 1
1 563 563 1
1 564 564 1
1 565 565 1
1 566 566 1
1 567 567 1
1 568 568 1
1 569 569 1
1 570 570 1
1 571 571 1
1 572 572 1
1 573 573 1
1 574 574 1
1 575 575 1
1 576 576 1
1 577 577 1
1 578 578 1
1 579 579 1
1 580 580 1
1 581 581 1
1 582 582 1
1 583 583 1
1 584 584 1
1 585 585 1
1 586 586 1
1 587 587 1
1 588 588 1
1 589 589 1
1 590 590 1
1 591 591 1
3 592 591 0.00132571 590 0.994877 592 0.00379716
4 593 592 0.0649279 590 0.0499157 589 0.869829 593 0.0153275
4 594 592 0.562441 591 0.000577441 590 0.432398 594 0.00458384
5 595 594 0.608615 592 0.219282 591 0.000225325 590 0.168582 595 0.00329581
2 596 591 0.927016 596 0.0729844
2 597 588 0.621357 597 0.378643
3 598 597 0.210326 588 0.25718 598 0.532494
1 599 599 1
1 600 600 1
1 601 601 1
1 602 602 1
1 603 603 1
1 604 604 1
2 605 601 0.999638 605 0.00036177
3 606 602 0.964716 601 0.0352785 606 5.38796e-06
3 607 603 0.796667 602 0.00550485 607 0.197829
4 608 607 0.905192 603 0.075199 602 0.000529287 608 0.0190799
1 609 609 1
1 610 610 1
2 611 610 0.969773 611 0.0302272
1 612 612 1
1 613 613 1
1 614 614 1
1 615 615 1
1 616 616 1
1 617 617 1
1 618 618 1
1 619 619 1
1 620 620 1
1 621 621 1
1 622 622 1
1 623 623 1
1 624 624 1
1 625 625 1
1 626 626 1
1 627 627 1
1 628 628 1
1 629 629 1
2 630 629 0.0306533 630 0.969347
1 631 631 1
2 632 631 0.965685 632 0.0343154
1 633 633 1
1 634 634 1
1 635 635 1
1 636 636 1
1 637 637 1
1 638 638 1
1 639 639 1
1 640 640 1
2 641 638 0.908051 641 0.0919491
3 642 639 0.882282 638 0.0446626 642 0.0730559
3 643 640 0.948502 639 0.00664908 643 0.0448487
2 644 640 0.367369 644 0.632631
2 645 641 0.988565 645 0.0114349
1 646 646 1
1 647 647 1
1 648 648 1
1 649 649 1
2 650 649 0.944579 650 0.0554209
1 651 651 1
1 652 652 1
1 653 653 1
2 654 653 0.983827 654 0.0161732
1 655 655 1
1 656 656 1
1 657 657 1
1 658 658 1
2 659 658 0.932651 659 0.0673493
1 660 660 1
1 661 661 1
1 662 662 1
1 663 663 1
1 664 664 1
1 665 665 1
1 666 666 1
1 667 667 1
1 668 668 1
1 669 669 1
1 670 670 1
1 671 671 1
1 672 672 1
1 673 673 1
1 674 674 1
1 675 675 1
1 676 676 1
1 677 677 1
1 678 678 1
1 679 679 1
3 680 679 0.0760301 678 0.883662 680 0.0403081
2 681 679 0.967235 681 0.032765
2 682 681 7.00004e-07 682 0.999999
1 683 683 1
2 684 683 5.04775e-05 684 0.99995
1 685 685 1
1 686 686 1
2 687 682 3.43216e-07 687 1
1 688 688 1
1 689 689 1
1 690 690 1
1 691 691 1
1 692 692 1
3 693 691 0.000250431 690 1.07799e-06 693 0.999748
1 694 694 1
1 695 695 1
1 696 696 1
2 697 694 0.000682023 697 0.999318
1 698 698 1
1 699 699 1
1 700 700 1
1 701 701 1
1 702 702 1
1 703 703 1
1 704 704 1
1 705 705 1
2 706 705 0.99547 706 0.00453008
1 707 707 1
1 708 708 1
2 709 708 0.923719 709 0.0762813
1 710 710 1
1 711 711 1
1 712 712 1
1 713 713 1
2 714 713 0.90615 714 0.0938501
3 715 714 0.763952 713 0.206358 715 0.0296903
1 716 716 1
1 717 717 1
1 718 718 1
1 719 719 1
1 720 720 1
1 721 721 1
1 722 722 1
1 723 723 1
1 724 724 1
3 725 723 0.011664 722 0.167225 725 0.821111
3 726 724 0.0139404 723 0.163707 726 0.822353
1 727 727 1
1 728 728 1
1 729 729 1
1 730 730 1
1 731 731 1
2 732 731 0.91235 732 0.0876499
1 733 733 1
1 734 734 1
2 735 734 0.624888 735 0.375112
1 736 736 1
1 737 737 1
1 738 738 1
2 739 738 0.952542 739 0.0474576
1 740 740 1
1 741 741 1
1 742 742 1
1 743 743 1
1 744 744 1
1 745 745 1
2 746 745 0.907177 746 0.0928232
1 747 747 1
2 748 747 0.975044 748 0.0249561
1 749 749 1
1 750 750 1
1 751 751 1
1 752 752 1
3 753 751 0.00730834 750 4.93242e-05 753 0.992642
1 754 754 1
1 755 755 1
1 756 756 1
1 757 757 1
1 758 758 1
1 759 759 1
2 760 756 0.864048 760 0.135952
3 761 757 0.866291 756 0.00287097 761 0.130839
1 762 762 1
1 763 763 1
2 764 763 0.918229 764 0.0817714
1 765 765 1
1 766 766 1
1 767 767 1
1 768 768 1
2 769 768 0.00530886 769 0.994691
1 770 770 1
1 771 771 1
1 772 772 1
1 773 773 1
1 774 774 1
1 775 775 1
1 776 776 1
1 777 777 1
1 778 778 1
1 779 779 1
1 780 780 1
1 781 781 1
1 782 782 1
1 783 783 1
1 784 784 1
1 785 785 1
1 786 786 1
2 787 786 0.912595 787 0.0874049
1 788 788 1
1 789 789 1
1 790 790 1
1 791 791 1
1 792 792 1
1 793 793 1
1 794 794 1
1 795 795 1
1 796 796 1
1 797 797 1
1 798 798 1
1 799 799 1
1 800 800 1
1 801 801 1
1 802 802 1
1 803 803 1
1 804 804 1
3 805 803 0.0102771 802 0.0202584 805 0.969465
2 806 804 0.0150075 806 0.984992
4 807 806 0.00124772 804 0.000212247 803 0.00300768 807 0.995532
1 808 808 1
1 809 809 1
1 810 810 1
1 811 811 1
1 812 812 1
1 813 813 1
2 814 810 0.879262 814 0.120738
1 815 815 1
1 816 816 1
2 817 816 0.892565 817 0.107435
1 818 818 1
1 819 819 1
1 820 820 1
1 821 821 1
1 822 822 1
1 823 823 1
1 824 824 1
1 825 825 1
1 826 826 1
1 827 827 1
1 828 828 1
1 829 829 1
1 830 830 1
1 831 831 1
1 832 832 1
2 833 832 0.969562 833 0.0304382
1 834 834 1
2 835 834 0.979269 835 0.0207311
1 836 836 1
2 837 831 0.961356 837 0.0386441
3 838 837 0.0575729 836 0.935519 838 0.00690808
4 839 833 0.566824 832 0.407316 831 0.0203593 839 0.00550166
5 840 835 0.602641 834 0.370668 833 0.0149627 832 0.010752 840 0.000976135
5 841 838 0.516452 836 0.446187 835 0.0227915 834 0.0140185 841 0.000550556
6 842 840 0.0531116 839 0.685888 833 0.146877 832 0.105545 831 0.00527009 842 0.00330788
4 843 838 0.0708683 837 0.86364 836 0.0612265 843 0.00426482
5 844 842 0.686631 839 0.295986 837 0.0140342 831 0.00227704 844 0.00107221
6 845 844 0.807198 842 0.132286 839 0.0570245 837 0.00270652 831 0.000439131 845 0.000345799
7 846 842 0.0763633 840 0.575512 839 0.0329178 833 0.00704909 832 0.00506542 831 0.0571063 846 0.245986
1 847 847 1
2 848 847 0.000272222 848 0.999728
1 849 849 1
2 850 849 0.964877 850 0.0351227
1 851 851 1
2 852 851 0.978792 852 0.0212075
1 853 853 1
2 854 853 0.966375 854 0.0336254
1 855 855 1
1 856 856 1
1 857 857 1
2 858 857 0.979426 858 0.0205744
3 859 858 0.600915 857 0.372373 859 0.0267118
1 860 860 1
1 861 861 1
1 862 862 1
1 863 863 1
1 864 864 1
1 865 865 1
2 866 862 0.984784 866 0.0152164
3 867 863 0.994447 862 0.00277941 867 0.0027732
3 868 864 0.969481 863 0.0284364 868 0.00208259
1 869 869 1
1 870 870 1
2 871 870 0.9651 871 0.0349003
1 872 872 1
1 873 873 1
3 874 873 0.00132254 872 0.964035 874 0.0346422
2 875 873 0.990381 875 0.00961923
3 876 875 0.56157 873 0.376451 876 0.061979
1 877 877 1
3 878 871 0.542195 870 0.441361 878 0.0164445
4 879 878 0.881433 871 0.0644549 870 0.052468 879 0.00164426
5 880 874 0.542078 872 0.421497 871 0.00104359 870 0.000849504 880 0.0345327
1 881 881 1
1 882 882 1
1 883 883 1
1 884 884 1
1 885 885 1
2 886 885 0.0221365 886 0.977864
1 887 887 1
1 888 888 1
1 889 889 1
1 890 890 1
1 891 891 1
1 892 892 1
2 893 889 0.925958 893 0.0740421
3 894 893 0.969381 889 0.0263677 894 0.00425107
3 895 890 0.693931 889 0.000557825 895 0.305512
1 896 896 1
1 897 897 1
1 898 898 1
1 899 899 1
2 900 899 0.967443 900 0.0325565
1 901 901 1
1 902 902 1
2 903 902 0.99453 903 0.00546972
1 904 904 1
1 905 905 1
2 906 905 0.978938 906 0.0210623
1 907 907 1
2 908 907 0.963559 908 0.0364414
1 909 909 1
3 910 909 4.95715e-07 908 6.73166e-07 910 0.999999
1 911 911 1
1 912 912 1
1 913 913 1
2 914 913 0.894006 914 0.105994
1 915 915 1
1 916 916 1
1 917 917 1
2 918 917 0.883576 918 0.116424
1 919 919 1
1 920 920 1
1 921 921 1
1 922 922 1
1 923 923 1
1 924 924 1
1 925 925 1
1 926 926 1
1 927 927 1
1 928 928 1
1 929 929 1
1 930 930 1
1 931 931 1
1 932 932 1
1 933 933 1
1 934 934 1
1 935 935 1
2 936 932 0.954888 936 0.0451121
3 937 936 0.0945378 935 0.89091 937 0.0145525
4 938 937 0.207592 935 0.0827481 934 0.668832 938 0.0408284
4 939 937 0.687719 936 0.0297087 935 0.274132 939 0.0084406
5 940 939 0.549169 937 0.291138 936 0.0125326 935 0.116051 940 0.031109
1 941 941 1
1 942 942 1
1 943 943 1
1 944 944 1
1 945 945 1
1 946 946 1
1 947 947 1
1 948 948 1
1 949 949 1
2 950 949 0.899397 950 0.100603
1 951 951 1
1 952 952 1
1 953 953 1
2 954 953 0.871828 954 0.128172
1 955 955 1
1 956 956 1
1 957 957 1
1 958 958 1
1 959 959 1
1 960 960 1
2 961 960 0.0373668 961 0.962633
2 962 960 0.847014 962 0.152986
1 963 963 1
2 964 963 0.945145 964 0.0548551
1 965 965 1
1 966 966 1
1 967 967 1
1 968 968 1
2 969 968 0.871567 969 0.128433
1 970 970 1
1 971 971 1
2 972 971 0.000578255 972 0.999422
1 973 973 1
1 974 974 1
1 975 975 1
1 976 976 1
1 977 977 1
1 978 978 1
2 979 978 0.967031 979 0.0329689
1 980 980 1
1 981 981 1
3 982 981 0.06876 980 0.921687 982 0.00955336
4 983 982 0.598813 981 0.0273626 980 0.368172 983 0.00565207
5 984 983 0.469891 982 0.317281 981 0.0145115 980 0.195076 984 0.0032406
2 985 981 0.983178 985 0.0168218
2 986 977 0.97572 986 0.0242799
4 987 986 0.0552292 985 0.680521 981 0.258658 987 0.00559206
3 988 986 0.917965 977 0.0762332 988 0.00580158
4 989 979 0.691421 978 0.279454 977 0.0205945 989 0.00853065
5 990 989 0.430317 979 0.0282842 978 0.010727 977 0.206207 990 0.324465
1 991 991 1
1 992 992 1
1 993 993 1
1 994 994 1
1 995 995 1
1 996 996 1
1 997 997 1
1 998 998 1
1 999 999 1
1 1000 1000 1
1 1001 1001 1
1 1002 1002 1
1 1003 1003 1
1 1004 1004 1
1 1005 1005 1
1 1006 1006 1
1 1007 1007 1
1 1008 1008 1
1 1009 1009 1
1 1010 1010 1
1 1011 1011 1
1 1012 1012 1
1 1013 1013 1
1 1014 1014 1
1 1015 1015 1
1 1016 1016 1
1 1017 1017 1
1 1018 1018 1
1 1019 1019 1
1 1020 1020 1
1 1021 1021 1
1 1022 1022 1
1 1023 1023 1
2 1024 1023 0.983457 1024 0.0165428
1 1025 1025 1
1 1026 1026 1
1 1027 1027 1
1 1028 1028 1
1 1029 1029 1
1 1030 1030 1
1 1031 1031 1
2 1032 1030 0.00705746 1032 0.992943
2 1033 1030 0.0696954 1033 0.930305
1 1034 1034 1
1 1035 1035 1
1 1036 1036 1
2 1037 1036 0.96829 1037 0.0317101
1 1038 1038 1
1 1039 1039 1
1 1040 1040 1
1 1041 1041 1
1 1042 1042 1
1 1043 1043 1
1 1044 1044 1
1 1045 1045 1
1 1046 1046 1
1 1047 1047 1
3 1048 1047 0.0884231 1046 0.90078 1048 0.0107972
1 1049 1049 1
1 1050 1050 1
1 1051 1051 1
1 1052 1052 1
1 1053 1053 1
1 1054 1054 1
1 1055 1055 1
1 1056 1056 1
1 1057 1057 1
1 1058 1058 1
1 1059 1059 1
1 1060 1060 1
1 1061 1061 1
3 1062 1061 1.17417e-05 1060 4.46048e-05 1062 0.999944
1 1063 1063 1
1 1064 1064 1
1 1065 1065 1
1 1066 1066 1
1 1067 1067 1
1 1068 1068 1
2 1069 1068 0.932417 1069 0.0675825
1 1070 1070 1
1 1071 1071 1
1 1072 1072 1
1 1073 1073 1
1 1074 1074 1
1 1075 1075 1
2 1076 1075 0.981099 1076 0.018901
1 1077 1077 1
1 1078 1078 1
1 1079 1079 1
1 1080 1080 1
1 1081 1081 1
1 1082 1082 1
1 1083 1083 1
1 1084 1084 1
1 1085 1085 1
1 1086 1086 1
1 1087 1087 1
1 1088 1088 1
1 1089 1089 1
1 1090 1090 1
1 1091 1091 1
1 1092 1092 1
1 1093 1093 1
1 1094 1094 1
1 1095 1095 1
2 1096 1094 0.0662301 1096 0.93377
1 1097 1097 1
1 1098 1098 1
1 1099 1099 1
2 1100 1099 0.791104 1100 0.208896
1 1101 1101 1
1 1102 1102 1
1 1103 1103 1
1 1104 1104 1
1 1105 1105 1
1 1106 1106 1
1 1107 1107 1
2 1108 1107 0.961625 1108 0.0383746
1 1109 1109 1
2 1110 1109 0.99173 1110 0.0082703
5 1111 1110 0.000775632 1109 0.00044188 1108 0.574928 1107 0.40215 1111 0.0217047
3 1112 1110 0.548339 1109 0.446918 1112 0.00474352
4 1113 1112 0.419261 1110 0.31495 1109 0.259891 1113 0.00589821
1 1114 1114 1
1 1115 1115 1
1 1116 1116 1
1 1117 1117 1
1 1118 1118 1
1 1119 1119 1
1 1120 1120 1
2 1121 1120 0.992722 1121 0.00727818
1 1122 1122 1
1 1123 1123 1
1 1124 1124 1
2 1125 1124 0.0231491 1125 0.976851
1 1126 1126 1
1 1127 1127 1
1 1128 1128 1
1 1129 1129 1
1 1130 1130 1
1 1131 1131 1
1 1132 1132 1
1 1133 1133 1
1 1134 1134 1
1 1135 1135 1
1 1136 1136 1
1 1137 1137 1
1 1138 1138 1
1 1139 1139 1
1 1140 1140 1
1 1141 1141 1
1 1142 1142 1
1 1143 1143 1
1 1144 1144 1
2 1145 1144 0.962388 1145 0.0376124
1 1146 1146 1
2 1147 1146 0.984823 1147 0.0151767
4 1148 1145 0.0850849 1144 0.0491343 1143 0.6386 1148 0.227181
5 1149 1147 0.0352753 1146 0.0297873 1145 0.485579 1144 0.28041 1149 0.168949
1 1150 1150 1
1 1151 1151 1
1 1152 1152 1
1 1153 1153 1
1 1154 1154 1
1 1155 1155 1
3 1156 1155 0.00023123 1154 0.108752 1156 0.891017
2 1157 1155 0.069072 1157 0.930928
3 1158 1157 0.978709 1155 0.000824456 1158 0.0204667
4 1159 1158 0.640851 1157 0.34865 1155 0.000293707 1159 0.0102049
5 1160 1159 0.463596 1158 0.331223 1157 0.1802 1155 0.00223281 1160 0.0227484
1 1161 1161 1
1 1162 1162 1
1 1163 1163 1
1 1164 1164 1
1 1165 1165 1
1 1166 1166 1
1 1167 1167 1
2 1168 1167 0.95781 1168 0.0421905
1 1169 1169 1
1 1170 1170 1
1 1171 1171 1
1 1172 1172 1
1 1173 1173 1
1 1174 1174 1
1 1175 1175 1
1 1176 1176 1
1 1177 1177 1
1 1178 1178 1
1 1179 1179 1
1 1180 1180 1
1 1181 1181 1
1 1182 1182 1
1 1183 1183 1
1 1184 1184 1
1 1185 1185 1
1 1186 1186 1
2 1187 1186 0.970078 1187 0.0299219
1 1188 1188 1
2 1189 1188 0.819129 1189 0.180871
1 1190 1190 1
1 1191 1191 1
1 1192 1192 1
1 1193 1193 1
1 1194 1194 1
1 1195 1195 1
2 1196 1195 0.996002 1196 0.0039976
3 1197 1196 0.514909 1195 0.481706 1197 0.00338532
1 1198 1198 1
2 1199 1198 1.82717e-05 1199 0.999982
1 1200 1200 1
1 1201 1201 1
2 1202 1201 0.886922 1202 0.113078
1 1203 1203 1
4 1204 1203 0.00836997 1202 0.756765 1201 0.165818 1204 0.0690471
2 1205 1203 0.939657 1205 0.0603427
1 1206 1206 1
1 1207 1207 1
1 1208 1208 1
1 1209 1209 1
1 1210 1210 1
2 1211 1210 0.983994 1211 0.0160058
1 1212 1212 1
1 1213 1213 1
1 1214 1214 1
1 1215 1215 1
1 1216 1216 1
1 1217 1217 1
1 1218 1218 1
1 1219 1219 1
1 1220 1220 1
1 1221 1221 1
1 1222 1222 1
1 1223 1223 1
2 1224 1221 0.992156 1224 0.00784367
2 1225 1222 0.96256 1225 0.0374402
3 1226 1225 0.613384 1222 0.356181 1226 0.0304357
3 1227 1223 0.892409 1222 0.0641043 1227 0.0434865
5 1228 1227 0.0330208 1226 0.538311 1225 0.245038 1222 0.142289 1228 0.041342
1 1229 1229 1
1 1230 1230 1
1 1231 1231 1
1 1232 1232 1
1 1233 1233 1
1 1234 1234 1
1 1235 1235 1
1 1236 1236 1
2 1237 1233 0.674203 1237 0.325797
3 1238 1237 0.980405 1233 0.0133096 1238 0.0062856
1 1239 1239 1
1 1240 1240 1
1 1241 1241 1
1 1242 1242 1
2 1243 1239 0.867062 1243 0.132938
3 1244 1240 0.918406 1239 0.0340257 1244 0.0475684
3 1245 1241 0.983005 1240 0.00575105 1245 0.0112439
5 1246 1245 0.0477051 1244 0.765733 1240 0.168131 1239 0.00619571 1246 0.0122356
4 1247 1245 0.748216 1241 0.245222 1240 0.00145432 1247 0.00510777
3 1248 1242 0.959886 1241 0.0271648 1248 0.0129492
3 1249 1243 0.991453 1242 0.00806158 1249 0.000485171
4 1250 1249 0.821453 1243 0.176795 1242 0.0016192 1250 0.000133269
6 1251 1250 0.0152681 1249 0.00993442 1248 0.834369 1242 0.135752 1241 0.000984125 1251 0.00369261
1 1252 1252 1
1 1253 1253 1
1 1254 1254 1
1 1255 1255 1
2 1256 1252 0.69453 1256 0.30547
3 1257 1256 0.992441 1252 0.00484983 1257 0.00270878
1 1258 1258 1
1 1259 1259 1
1 1260 1260 1
1 1261 1261 1
1 1262 1262 1
1 1263 1263 1
1 1264 1264 1
2 1265 1264 0.978471 1265 0.0215291
1 1266 1266 1
1 1267 1267 1
1 1268 1268 1
1 1269 1269 1
1 1270 1270 1
2 1271 1270 0.987039 1271 0.012961
1 1272 1272 1
1 1273 1273 1
1 1274 1274 1
2 1275 1274 0.991827 1275 0.00817321
3 1276 1275 0.737342 1274 0.260402 1276 0.002256
5 1277 1276 0.10522 1275 0.100084 1274 0.0353461 1273 0.734724 1277 0.024625
1 1278 1278 1
4 1279 1277 0.0450601 1273 0.0113899 1272 0.815978 1279 0.127572
6 1280 1277 0.738656 1276 0.0278403 1275 0.0264813 1274 0.00935224 1273 0.18671 1280 0.0109603
5 1281 1278 0.00621705 1276 0.431359 1275 0.410304 1274 0.144904 1281 0.00721663
3 1282 1279 0.769808 1272 0.101037 1282 0.129155
4 1283 1282 0.746991 1279 0.124243 1272 0.0163068 1283 0.112459
1 1284 1284 1
1 1285 1285 1
1 1286 1286 1
1 1287 1287 1
1 1288 1288 1
1 1289 1289 1
2 1290 1289 0.976275 1290 0.0237247
3 1291 1290 0.509863 1289 0.473614 1291 0.0165232
2 1292 1289 0.697938 1292 0.302062
3 1293 1292 0.95227 1289 0.0344204 1293 0.0133095
1 1294 1294 1
2 1295 1288 0.866208 1295 0.133792
1 1296 1296 1
1 1297 1297 1
1 1298 1298 1
1 1299 1299 1
2 1300 1296 0.976066 1300 0.0239344
3 1301 1297 0.922712 1296 0.0680831 1301 0.00920485
4 1302 1301 0.911219 1297 0.075042 1296 0.00569285 1302 0.00804652
1 1303 1303 1
1 1304 1304 1
1 1305 1305 1
1 1306 1306 1
1 1307 1307 1
1 1308 1308 1
1 1309 1309 1
2 1310 1306 0.168188 1310 0.831812
3 1311 1307 0.272087 1306 0.0135735 1311 0.714339
3 1312 1308 0.965449 1307 0.00171917 1312 0.0328313
3 1313 1310 0.0891282 1309 0.858666 1313 0.0522058
4 1314 1311 0.125347 1310 0.84321 1306 0.00109123 1314 0.030352
4 1315 1312 0.974845 1308 0.0233038 1307 4.18028e-05 1315 0.00180935
4 1316 1313 0.901901 1309 0.0945503 1308 0.0006547 1316 0.0028943
5 1317 1314 0.788424 1313 0.0590187 1310 0.141877 1309 0.00618719 1317 0.004493
6 1318 1317 0.105128 1316 0.761685 1313 0.119551 1309 0.0125331 1308 8.57074e-05 1318 0.00101659
6 1319 1317 0.911448 1314 0.0628023 1313 0.00474659 1310 0.0113012 1309 0.000497606 1319 0.00920411
1 1320 1320 1
1 1321 1321 1
1 1322 1322 1
1 1323 1323 1
1 1324 1324 1
3 1325 1324 0.0932528 1323 0.86376 1325 0.0429877
2 1326 1324 0.896862 1326 0.103138
1 1327 1327 1
2 1328 1327 0.993377 1328 0.00662314
3 1329 1328 0.750702 1327 0.246936 1329 0.00236147
2 1330 1322 0.920385 1330 0.0796153
4 1331 1325 0.807178 1323 0.184058 1322 0.00837964 1331 0.000384261
4 1332 1331 0.016333 1330 0.982421 1322 0.00107386 1332 0.000172585
5 1333 1326 0.624152 1325 0.00037419 1324 0.0202631 1323 8.53255e-05 1333 0.355125
6 1334 1329 0.508993 1328 0.354875 1327 0.116733 1326 0.00220731 1324 7.16608e-05 1334 0.0171208
1 1335 1335 1
1 1336 1336 1
1 1337 1337 1
1 1338 1338 1
1 1339 1339 1
1 1340 1340 1
1 1341 1341 1
1 1342 1342 1
1 1343 1343 1
1 1344 1344 1
1 1345 1345 1
2 1346 1345 0.987087 1346 0.012913
1 1347 1347 1
2 1348 1347 0.984954 1348 0.0150456
1 1349 1349 1
1 1350 1350 1
1 1351 1351 1
1 1352 1352 1
1 1353 1353 1
3 1354 1352 0.0150556 1351 0.832288 1354 0.152656
3 1355 1353 0.523662 1352 0.435367 1355 0.0409709
2 1356 1353 0.998051 1356 0.00194912
3 1357 1356 0.705266 1353 0.29351 1357 0.00122336
4 1358 1357 0.600812 1356 0.281513 1353 0.117157 1358 0.000518492
2 1359 1350 0.866776 1359 0.133224
5 1360 1355 0.844331 1354 0.0789805 1352 0.0213434 1351 0.0206119 1360 0.0347334
7 1361 1358 0.0127724 1357 0.012029 1356 0.00563622 1355 0.170321 1353 0.00234563 1352 0.452529 1361 0.344367
5 1362 1360 0.454622 1354 0.513456 1351 0.0182839 1350 0.000193318 1362 0.0134446
7 1363 1361 0.364955 1360 0.53883 1355 0.0874014 1354 0.00412888 1352 0.00177774 1351 5.80713e-06 1363 0.00290083
8 1364 1361 0.0117363 1358 0.244555 1357 0.230323 1356 0.107919 1355 0.00726249 1353 0.0449125 1352 5.71689e-05 1364 0.353234
6 1365 1359 0.153037 1358 0.00675499 1357 0.00636184 1356 0.00298087 1353 0.00124055 1365 0.829625
4 1366 1362 0.513862 1359 0.00247553 1350 3.191e-06 1366 0.483659
7 1367 1363 0.750026 1362 0.0187754 1360 0.0436539 1354 0.000278574 1351 3.83261e-07 1350 6.71127e-05 1367 0.187199
9 1368 1364 0.55554 1363 0.0312419 1361 0.000405107 1360 0.00310737 1355 0.000240451 1354 0.00256427 1352 1.97332e-06 1351 9.1512e-05 1368 0.406808
10 1369 1365 0.900236 1364 0.0114013 1361 0.00488723 1358 0.000166896 1357 0.000157182 1356 7.36484e-05 1355 0.00109275 1353 3.06502e-05 1352 2.38063e-05 1369 0.0819306
11 1370 1369 0.113534 1368 0.828883 1364 0.00726874 1363 0.000404641 1361 5.15536e-06 1360 4.0737e-05 1355 3.11428e-06 1354 3.35512e-05 1352 2.51123e-08 1351 1.1966e-06 1370 0.0498259
11 1371 1369 0.960975 1365 0.021716 1364 0.000275755 1361 0.000117923 1358 4.0366e-06 1357 3.80168e-06 1356 1.78129e-06 1355 2.636e-05 1353 7.41318e-07 1352 5.7442e-07 1371 0.0168783
1 1372 1372 1
1 1373 1373 1
1 1374 1374 1
1 1375 1375 1
1 1376 1376 1
1 1377 1377 1
1 1378 1378 1
1 1379 1379 1
1 1380 1380 1
1 1381 1381 1
3 1382 1380 0.0625673 1379 0.869443 1382 0.0679894
2 1383 1381 0.980596 1383 0.0194039
4 1384 1382 0.880802 1380 0.00696796 1379 0.101541 1384 0.010689
4 1385 1383 0.0501809 1381 0.0329826 1380 0.716428 1385 0.200408
2 1386 1378 0.831346 1386 0.168654
5 1387 1384 0.307227 1382 0.215249 1379 0.367729 1378 0.00170702 1387 0.108088
5 1388 1385 0.23587 1383 0.0315392 1381 0.0207299 1380 0.341616 1388 0.370245
1 1389 1389 1
1 1390 1390 1
2 1391 1390 0.975871 1391 0.0241286
1 1392 1392 1
1 1393 1393 1
3 1394 1393 0.00471243 1392 0.0673299 1394 0.927958
1 1395 1395 1
1 1396 1396 1
1 1397 1397 1
2 1398 1397 0.977064 1398 0.022936
1 1399 1399 1
2 1400 1399 0.000351654 1400 0.999648
2 1401 1399 0.118402 1401 0.881598
1 1402 1402 1
2 1403 1402 0.947798 1403 0.0522015
1 1404 1404 1
2 1405 1404 0.992107 1405 0.00789286
1 1406 1406 1
1 1407 1407 1
1 1408 1408 1
1 1409 1409 1
1 1410 1410 1
1 1411 1411 1
1 1412 1412 1
1 1413 1413 1
1 1414 1414 1
2 1415 1414 0.971707 1415 0.028293
1 1416 1416 1
1 1417 1417 1
1 1418 1418 1
2 1419 1418 1.96848e-05 1419 0.99998
1 1420 1420 1
1 1421 1421 1
1 1422 1422 1
3 1423 1421 0.0606594 1420 0.901774 1423 0.0375668
2 1424 1419 0.918246 1424 0.0817535
3 1425 1422 0.0913019 1421 0.872376 1425 0.0363224
4 1426 1425 0.731801 1422 0.024125 1421 0.22836 1426 0.0157143
4 1427 1423 0.641907 1420 0.348423 1419 0.00497331 1427 0.00469675
1 1428 1428 1
1 1429 1429 1
1 1430 1430 1
1 1431 1431 1
1 1432 1432 1
1 1433 1433 1
2 1434 1433 0.987024 1434 0.0129762
1 1435 1435 1
1 1436 1436 1
1 1437 1437 1
2 1438 1437 0.966453 1438 0.0335467
3 1439 1438 0.720121 1437 0.269598 1439 0.0102803
1 1440 1440 1
2 1441 1440 0.991826 1441 0.00817441
3 1442 1441 0.562442 1440 0.433943 1442 0.00361488
2 1443 1435 0.914372 1443 0.0856283
3 1444 1436 0.927118 1435 0.03294 1444 0.0399418
5 1445 1439 0.437933 1438 0.399003 1437 0.149378 1436 0.0111563 1445 0.00252939
4 1446 1444 0.138917 1443 0.790953 1435 0.0543257 1446 0.0158049
5 1447 1445 0.0542622 1444 0.898208 1436 0.0429995 1435 0.00154212 1447 0.0029885
6 1448 1445 0.756325 1439 0.106463 1438 0.0969986 1437 0.0363142 1436 0.00274899 1448 0.00115047
6 1449 1447 0.0616041 1446 0.664113 1444 0.038231 1443 0.213795 1435 0.0146843 1449 0.0075716
7 1450 1448 0.0395596 1447 0.564852 1445 0.0211451 1444 0.350542 1436 0.0167814 1435 0.000600941 1450 0.00651913
7 1451 1448 0.584632 1445 0.312495 1439 0.0439877 1438 0.0400773 1437 0.0150041 1436 0.00112929 1451 0.00267531
7 1452 1442 0.350518 1441 0.346794 1440 0.267565 1439 0.00965376 1438 0.00879558 1437 0.00329288 1452 0.0133814
9 1453 1452 0.10871 1451 0.682979 1448 0.1214 1445 0.06489 1439 0.00913412 1438 0.00832212 1437 0.00311562 1436 0.000230947 1453 0.00121808
8 1454 1452 0.961574 1442 0.0132771 1441 0.013136 1440 0.0101349 1439 0.000366396 1438 0.000333825 1437 0.000124977 1454 0.00105281
11 1455 1454 0.0830739 1453 0.54892 1452 0.0400863 1451 0.250611 1448 0.0445461 1445 0.0238107 1439 0.00335166 1438 0.0030537 1437 0.00114324 1436 8.516e-05 1455 0.00131809
7 1456 1449 0.559208 1446 0.315592 1443 0.101597 1442 0.00583083 1441 0.00576887 1440 0.00445089 1456 0.00755165
10 1457 1456 0.0633744 1454 0.623397 1452 0.300812 1442 0.0041535 1441 0.00410937 1440 0.00317051 1439 0.000113619 1438 0.000103519 1437 3.87552e-05 1457 0.00072767
8 1458 1450 0.756601 1449 0.0115367 1447 0.134768 1446 0.00651079 1444 0.0836358 1443 0.00209599 1435 0.000143961 1458 0.00470774
9 1459 1458 0.162791 1456 0.794221 1449 0.023038 1446 0.0130016 1443 0.00418556 1442 0.000231605 1441 0.000229145 1440 0.000176793 1459 0.00212459
10 1460 1459 0.121027 1458 0.824512 1456 0.0178309 1449 0.000517224 1446 0.000291897 1443 9.39694e-05 1442 0.00117304 1441 0.00116058 1440 0.000895426 1460 0.0324977
9 1461 1458 0.468652 1450 0.0193855 1449 0.0718189 1447 0.00345299 1446 0.0405314 1444 0.0021429 1443 0.0130481 1435 0.000896196 1461 0.380072
11 1462 1455 0.118987 1453 0.0403545 1451 0.018424 1450 0.267045 1448 0.00327486 1447 0.0475669 1445 0.00175047 1444 0.0295196 1436 0.00141318 1435 4.97478e-05 1462 0.471614
13 1463 1457 0.0595313 1455 0.536875 1454 0.0273387 1453 0.182081 1452 0.013192 1451 0.0831296 1448 0.0147763 1445 0.00789816 1439 0.00111177 1438 0.00101294 1437 0.000379222 1436 2.80252e-05 1463 0.0726463
11 1464 1462 0.226687 1461 0.73458 1458 0.00624424 1450 0.00025829 1449 0.000889891 1447 4.60072e-05 1446 0.000502215 1444 2.85518e-05 1443 0.000161676 1435 1.11046e-05 1464 0.0305905
1 1465 1465 1
1 1466 1466 1
1 1467 1467 1
2 1468 1465 0.998977 1468 0.00102333
3 1469 1466 0.00514351 1465 0.45543 1469 0.539426
4 1470 1469 0.938417 1466 0.000185586 1465 0.0161897 1470 0.045208
2 1471 1468 0.698256 1471 0.301744
1 1472 1472 1
1 1473 1473 1
1 1474 1474 1
3 1475 1474 0.0564533 1473 0.926251 1475 0.0172962
2 1476 1474 0.991324 1476 0.00867555
3 1477 1476 0.697987 1474 0.297938 1477 0.00407524
4 1478 1477 0.521666 1476 0.333772 1474 0.142472 1478 0.00208989
3 1479 1478 1.66921e-05 1477 1.55649e-05 1479 0.999968
3 1480 1478 1.84495e-06 1477 1.72036e-06 1480 0.999996
2 1481 1480 0.510894 1481 0.489106
1 1482 1482 1
1 1483 1483 1
2 1484 1479 0.0921945 1484 0.907806
4 1485 1481 0.892277 1480 0.0198522 1479 0.00025285 1485 0.0876183
3 1486 1484 0.0978115 1483 0.87216 1486 0.0300283
5 1487 1485 0.925672 1481 0.0606401 1480 0.00134924 1479 1.72095e-05 1487 0.0123217
4 1488 1482 0.984129 1481 0.00582537 1480 4.88789e-06 1488 0.0100412
5 1489 1488 0.829926 1482 0.167278 1481 0.000990429 1480 8.30835e-07 1489 0.00180541
4 1490 1486 0.709714 1483 0.268478 1482 0.020588 1490 0.00121967
5 1491 1490 0.597433 1486 0.285695 1483 0.108076 1482 0.00830262 1491 0.000494252
5 1492 1487 0.101799 1485 0.0492509 1484 0.823197 1479 0.000529673 1492 0.0252238
6 1493 1491 0.375517 1490 0.373036 1486 0.178388 1483 0.067482 1482 0.00518941 1493 0.000387844
5 1494 1492 0.807388 1486 0.0181954 1484 0.167054 1483 0.00688313 1494 0.000479199
6 1495 1494 0.472027 1492 0.425953 1486 0.00959611 1484 0.0881324 1483 0.0036301 1495 0.000661589
7 1496 1495 0.552612 1494 0.211171 1492 0.190558 1486 0.00429394 1484 0.0394278 1483 0.00162435 1496 0.000312563
8 1497 1496 0.368421 1495 0.34889 1494 0.133321 1492 0.120308 1486 0.00271114 1484 0.0248926 1483 0.00102559 1497 0.00043035
6 1498 1492 0.101728 1487 0.588543 1485 0.284741 1484 0.0210481 1479 5.02849e-06 1498 0.00393568
8 1499 1489 0.10789 1488 0.102009 1487 0.00413298 1485 0.00199956 1481 0.00013099 1480 2.31594e-05 1479 0.00241852 1499 0.781395
9 1500 1493 0.336682 1491 0.268032 1490 0.266261 1489 0.0190262 1488 0.0179891 1482 0.00362583 1481 0.0047132 1480 0.000104863 1500 0.0835658
8 1501 1499 0.00733674 1498 0.901727 1492 0.00939409 1487 0.0531455 1485 0.0257122 1484 0.0019437 1479 4.64173e-07 1501 0.000740617
10 1502 1500 0.756956 1493 0.0646321 1491 0.0514535 1490 0.0511136 1489 0.00350558 1488 0.00331449 1482 0.000668061 1481 0.000904781 1480 0.000316193 1502 0.0671354
11 1503 1502 0.345943 1500 0.517626 1493 0.0441971 1491 0.0351852 1490 0.0349528 1489 0.00253785 1488 0.00239952 1482 0.000483641 1481 0.000618712 1480 1.37144e-05 1503 0.016042
11 1504 1497 0.456377 1496 0.209269 1495 0.198175 1494 0.0757288 1493 0.00407673 1491 0.00324547 1490 0.00322404 1486 0.00154174 1483 0.000583227 1482 0.00955716 1504 0.0382222
11 1505 1501 0.622084 1498 0.297692 1497 0.0205638 1496 0.00942945 1495 0.00892956 1494 0.00341226 1492 0.0030792 1486 0.0150224 1484 0.000637106 1483 0.00568283 1505 0.0134669
9 1506 1501 0.65305 1499 0.00259625 1498 0.312511 1492 0.00326902 1487 0.0184186 1485 0.00891104 1484 0.00067638 1479 1.64257e-07 1506 0.000568085
13 1507 1506 0.401525 1505 0.300825 1501 0.181332 1498 0.0867749 1497 0.00606025 1496 0.00277889 1495 0.00263158 1494 0.00100561 1492 0.000907449 1486 0.00437889 1484 0.000187757 1483 0.00165649 1507 0.0099356
1 1508 1508 1
1 1509 1509 1
1 1510 1510 1
1 1511 1511 1
1 1512 1512 1
2 1513 1512 0.996334 1513 0.00366627
3 1514 1513 0.559141 1512 0.439239 1514 0.00162033
1 1515 1515 1
1 1516 1516 1
1 1517 1517 1
1 1518 1518 1
1 1519 1519 1
1 1520 1520 1
1 1521 1521 1
1 1522 1522 1
1 1523 1523 1
2 1524 1523 0.813646 1524 0.186354
1 1525 1525 1
2 1526 1522 1.91112e-07 1526 1
3 1527 1526 0.283192 1525 0.592268 1527 0.124541
1 1528 1528 1
1 1529 1529 1
1 1530 1530 1
1 1531 1531 1
1 1532 1532 1
1 1533 1533 1
1 1534 1534 1
1 1535 1535 1
1 1536 1536 1
1 1537 1537 1
1 1538 1538 1
1 1539 1539 1
2 1540 1538 0.00292421 1540 0.997076
1 1541 1541 1
1 1542 1542 1
1 1543 1543 1
1 1544 1544 1
1 1545 1545 1
1 1546 1546 1
2 1547 1546 0.993469 1547 0.00653072
2 1548 1543 0.950247 1548 0.0497529
4 1549 1548 0.0932255 1547 0.687556 1546 0.215424 1549 0.00379424
3 1550 1544 0.903979 1543 0.00229131 1550 0.0937299
3 1551 1545 0.984108 1544 0.00381959 1551 0.0120728
4 1552 1551 0.968285 1545 0.0309905 1544 0.000121603 1552 0.000602531
1 1553 1553 1
1 1554 1554 1
1 1555 1555 1
1 1556 1556 1
1 1557 1557 1
2 1558 1557 0.00425631 1558 0.995744
1 1559 1559 1
1 1560 1560 1
1 1561 1561 1
2 1562 1561 0.902341 1562 0.0976588
1 1563 1563 1
1 1564 1564 1
1 1565 1565 1
1 1566 1566 1
1 1567 1567 1
2 1568 1567 0.806917 1568 0.193083
2 1569 1564 0.451694 1569 0.548306
1 1570 1570 1
1 1571 1571 1
1 1572 1572 1
1 1573 1573 1
1 1574 1574 1
1 1575 1575 1
1 1576 1576 1
2 1577 1573 0.984046 1577 0.0159535
3 1578 1576 0.17548 1575 0.701456 1578 0.123064
3 1579 1577 0.87336 1573 0.110518 1579 0.0161225
4 1580 1578 0.544074 1575 0.0196643 1574 0.271611 1580 0.16465
4 1581 1578 0.946266 1576 0.00867752 1575 0.0342007 1581 0.0108557
4 1582 1579 0.367094 1577 0.0406414 1576 0.546781 1582 0.0454837
5 1583 1582 0.869578 1579 0.04956 1577 0.00548684 1576 0.0672507 1583 0.00812469
6 1584 1583 0.557496 1582 0.384604 1579 0.0218899 1577 0.00242346 1576 0.0297442 1584 0.00384265
1 1585 1585 1
1 1586 1586 1
1 1587 1587 1
1 1588 1588 1
1 1589 1589 1
1 1590 1590 1
1 1591 1591 1
2 1592 1591 0.991537 1592 0.00846328
2 1593 1589 0.436396 1593 0.563604
2 1594 1593 0.993205 1594 0.00679497
3 1595 1594 0.512536 1593 0.482989 1595 0.00447547
3 1596 1590 0.0498431 1589 0.826384 1596 0.123773
4 1597 1596 0.831725 1593 0.0319123 1589 0.125865 1597 0.0104973
5 1598 1597 0.836293 1596 0.135723 1593 0.00521195 1589 0.0205389 1598 0.00223292
4 1599 1596 0.556367 1590 0.00504118 1589 0.084195 1599 0.354397
1 1600 1600 1
1 1601 1601 1
1 1602 1602 1
1 1603 1603 1
1 1604 1604 1
1 1605 1605 1
2 1606 1605 0.89162 1606 0.10838
1 1607 1607 1
1 1608 1608 1
1 1609 1609 1
1 1610 1610 1
1 1611 1611 1
1 1612 1612 1
1 1613 1613 1
1 1614 1614 1
1 1615 1615 1
1 1616 1616 1
1 1617 1617 1
1 1618 1618 1
1 1619 1619 1
1 1620 1620 1
1 1621 1621 1
1 1622 1622 1
2 1623 1619 0.949704 1623 0.0502965
3 1624 1620 0.82116 1619 0.00121663 1624 0.177623
3 1625 1621 0.990821 1620 0.00107619 1625 0.00810318
4 1626 1624 0.409373 1623 0.570835 1619 0.00894088 1626 0.0108509
5 1627 1625 0.0756783 1624 0.920808 1620 0.00227298 1619 3.2557e-06 1627 0.00123754
4 1628 1626 0.531542 1623 0.0231097 1622 0.411887 1628 0.0334611
4 1629 1625 0.952116 1621 0.0455996 1620 4.9581e-05 1629 0.00223455
6 1630 1627 0.0751626 1626 0.854407 1624 0.0291426 1623 0.0371467 1619 0.000584814 1630 0.0035566
7 1631 1630 0.810311 1627 0.0145731 1626 0.161611 1624 0.00565038 1623 0.00702629 1619 0.000110694 1631 0.00071799
7 1632 1629 0.124377 1627 0.614424 1625 0.0203705 1624 0.23823 1620 0.000588584 1619 8.43323e-07 1632 0.00200912
8 1633 1632 0.793519 1629 0.0259133 1627 0.126651 1625 0.0042441 1624 0.049106 1620 0.000121412 1619 1.73877e-07 1633 0.000445791
5 1634 1629 0.852283 1625 0.139587 1621 0.00668523 1620 7.2706e-06 1634 0.00143784
1 1635 1635 1
1 1636 1636 1
1 1637 1637 1
1 1638 1638 1
1 1639 1639 1
1 1640 1640 1
1 1641 1641 1
1 1642 1642 1
1 1643 1643 1
3 1644 1643 0.155416 1642 0.0452153 1644 0.799369
2 1645 1643 0.260844 1645 0.739156
1 1646 1646 1
1 1647 1647 1
2 1648 1647 0.892119 1648 0.107881
1 1649 1649 1
1 1650 1650 1
1 1651 1651 1
1 1652 1652 1
1 1653 1653 1
1 1654 1654 1
1 1655 1655 1
1 1656 1656 1
1 1657 1657 1
1 1658 1658 1
1 1659 1659 1
1 1660 1660 1
1 1661 1661 1
1 1662 1662 1
1 1663 1663 1
1 1664 1664 1
1 1665 1665 1
1 1666 1666 1
1 1667 1667 1
1 1668 1668 1
1 1669 1669 1
1 1670 1670 1
1 1671 1671 1
1 1672 1672 1
1 1673 1673 1
1 1674 1674 1
1 1675 1675 1
1 1676 1676 1
1 1677 1677 1
1 1678 1678 1
1 1679 1679 1
2 1680 1676 0.981967 1680 0.0180328
3 1681 1680 0.897371 1676 0.100589 1681 0.00204003
3 1682 1678 0.0021341 1677 0.023717 1682 0.974149
1 1683 1683 1
1 1684 1684 1
1 1685 1685 1
1 1686 1686 1
1 1687 1687 1
1 1688 1688 1
2 1689 1688 0.993234 1689 0.00676627
1 1690 1690 1
1 1691 1691 1
1 1692 1692 1
1 1693 1693 1
1 1694 1694 1
1 1695 1695 1
1 1696 1696 1
1 1697 1697 1
2 1698 1697 0.920082 1698 0.0799178
1 1699 1699 1
1 1700 1700 1
1 1701 1701 1
2 1702 1701 0.968868 1702 0.0311321
1 1703 1703 1
1 1704 1704 1
1 1705 1705 1
1 1706 1706 1
3 1707 1706 2.72789e-06 1705 0.000577006 1707 0.99942
1 1708 1708 1
1 1709 1709 1
1 1710 1710 1
1 1711 1711 1
2 1712 1711 0.961945 1712 0.0380547
1 1713 1713 1
1 1714 1714 1
2 1715 1714 0.909718 1715 0.0902816
1 1716 1716 1
1 1717 1717 1
1 1718 1718 1
1 1719 1719 1
1 1720 1720 1
1 1721 1721 1
1 1722 1722 1
1 1723 1723 1
2 1724 1723 0.971268 1724 0.0287319
1 1725 1725 1
1 1726 1726 1
1 1727 1727 1
1 1728 1728 1
1 1729 1729 1
1 1730 1730 1
3 1731 1730 0.10921 1729 0.86191 1731 0.0288795
1 1732 1732 1
1 1733 1733 1
1 1734 1734 1
1 1735 1735 1
1 1736 1736 1
3 1737 1736 0.0026679 1735 0.963832 1737 0.0334997
1 1738 1738 1
3 1739 1738 0.0449368 1736 0.790022 1739 0.165041
4 1740 1739 0.513212 1738 0.0401733 1736 0.438649 1740 0.00796592
2 1741 1738 0.703543 1741 0.296457
6 1742 1741 0.00531374 1740 0.540105 1739 0.2241 1738 0.0176967 1736 0.191692 1742 0.0210915
1 1743 1743 1
1 1744 1744 1
1 1745 1745 1
1 1746 1746 1
2 1747 1743 0.905464 1747 0.0945356
3 1748 1747 0.0838265 1746 0.906599 1748 0.00957441
4 1749 1748 0.123691 1746 0.0746599 1745 0.777761 1749 0.0238888
3 1750 1744 0.985677 1743 0.00708016 1750 0.00724238
1 1751 1751 1
1 1752 1752 1
1 1753 1753 1
1 1754 1754 1
1 1755 1755 1
2 1756 1755 0.983265 1756 0.0167352
1 1757 1757 1
1 1758 1758 1
2 1759 1754 0.129553 1759 0.870447
3 1760 1759 0.958676 1754 0.00314317 1760 0.0381804
4 1761 1760 0.641677 1759 0.342071 1754 0.00112206 1761 0.0151298
4 1762 1756 0.0319398 1755 0.0244985 1754 0.320152 1762 0.62341
4 1763 1757 0.035226 1756 0.319609 1755 0.245147 1763 0.400018
5 1764 1763 0.965512 1757 0.00111326 1756 0.0100456 1755 0.00770519 1764 0.0156236
3 1765 1758 0.761047 1757 0.100754 1765 0.138198
1 1766 1766 1
1 1767 1767 1
1 1768 1768 1
1 1769 1769 1
1 1770 1770 1
1 1771 1771 1
1 1772 1772 1
1 1773 1773 1
1 1774 1774 1
1 1775 1775 1
3 1776 1775 0.0940295 1774 0.164729 1776 0.741242
1 1777 1777 1
1 1778 1778 1
2 1779 1778 0.988196 1779 0.0118041
1 1780 1780 1
1 1781 1781 1
1 1782 1782 1
3 1783 1781 0.00031862 1780 0.000697311 1783 0.998984
1 1784 1784 1
1 1785 1785 1
1 1786 1786 1
1 1787 1787 1
1 1788 1788 1
1 1789 1789 1
1 1790 1790 1
3 1791 1790 0.0848627 1789 0.90235 1791 0.0127872
2 1792 1790 0.990309 1792 0.00969092
2 1793 1787 0.958767 1793 0.0412327
4 1794 1791 0.147901 1789 0.066735 1788 0.741358 1794 0.0440053
4 1795 1794 0.816378 1788 0.17922 1787 0.0033459 1795 0.00105625
4 1796 1795 0.0841752 1793 0.870793 1787 0.0419707 1796 0.00306153
5 1797 1795 0.559481 1794 0.3595 1788 0.0789211 1787 0.00147375 1797 0.000624358
5 1798 1794 0.0726983 1791 0.626994 1789 0.282908 1788 0.0159595 1798 0.00144034
6 1799 1798 0.733436 1794 0.0195021 1791 0.166795 1789 0.0752604 1788 0.00428132 1799 0.000724453
5 1800 1792 0.562347 1791 0.045374 1790 0.36995 1789 0.0204733 1800 0.00185613
8 1801 1800 0.0377327 1799 0.559142 1798 0.295641 1794 0.00785611 1791 0.0672339 1789 0.0303367 1788 0.00172466 1801 0.000332803
5 1802 1796 0.615362 1793 0.362669 1792 0.0128251 1790 0.00843722 1802 0.000707069
7 1803 1802 0.0978603 1800 0.746879 1792 0.0871539 1791 0.00696344 1790 0.0573359 1789 0.00314201 1803 0.000665767
6 1804 1797 0.45715 1796 0.0315961 1795 0.340569 1793 0.0186215 1787 0.000897525 1804 0.151166
10 1805 1803 0.0508512 1801 0.368555 1800 0.0220066 1799 0.323451 1798 0.171022 1794 0.00458187 1791 0.0388931 1789 0.0175491 1788 0.00100586 1805 0.00208466
8 1806 1803 0.631858 1802 0.0367361 1800 0.273446 1792 0.0319087 1791 0.00261404 1790 0.0209917 1789 0.00117949 1806 0.00126502
7 1807 1804 0.163834 1802 0.61096 1796 0.13771 1793 0.0811608 1792 0.00282231 1790 0.00185671 1807 0.00165568
7 1808 1804 0.825936 1797 0.0530322 1796 0.00370476 1795 0.0395079 1793 0.00218343 1787 0.000105237 1808 0.0755308
10 1809 1805 0.74128 1801 0.0685047 1799 0.0601211 1798 0.0317884 1797 0.001781 1795 0.00132681 1794 0.000852555 1788 0.000187162 1787 0.000650481 1809 0.0935078
12 1810 1806 0.517493 1805 0.0419014 1803 0.0995707 1801 0.00387227 1800 0.0430907 1799 0.00339838 1798 0.00179686 1794 0.00897169 1791 0.000408636 1789 0.000184383 1788 0.00196956 1810 0.277342
10 1811 1807 0.538058 1806 0.0247211 1803 0.00475661 1802 0.0514827 1800 0.00205849 1792 0.000240207 1791 0.00366336 1790 0.000158025 1789 0.00165296 1811 0.373208
4 1812 1811 0.00032899 1807 3.02682e-06 1806 1.23872e-07 1812 0.999668
1 1813 1813 1
1 1814 1814 1
2 1815 1814 0.0898741 1815 0.910126
1 1816 1816 1
2 1817 1816 2.63877e-05 1817 0.999974
1 1818 1818 1
1 1819 1819 1
1 1820 1820 1
2 1821 1818 0.00455801 1821 0.995442
1 1822 1822 1
1 1823 1823 1
2 1824 1823 0.000648124 1824 0.999352
1 1825 1825 1
2 1826 1825 0.907312 1826 0.0926881
1 1827 1827 1
1 1828 1828 1
1 1829 1829 1
1 1830 1830 1
2 1831 1830 0.977155 1831 0.0228452
1 1832 1832 1
4 1833 1832 0.0394952 1831 0.469525 1830 0.457625 1833 0.0333548
1 1834 1834 1
1 1835 1835 1
1 1836 1836 1
1 1837 1837 1
2 1838 1837 0.987081 1838 0.0129189
2 1839 1834 0.032164 1839 0.967836
3 1840 1835 0.983636 1834 9.4329e-05 1840 0.0162698
3 1841 1836 0.927509 1835 0.0595832 1841 0.0129076
4 1842 1838 0.00416473 1837 0.00203832 1836 0.025821 1842 0.967976
1 1843 1843 1
1 1844 1844 1
2 1845 1844 0.987762 1845 0.012238
1 1846 1846 1
4 1847 1846 0.191421 1845 0.000821528 1844 0.000757765 1847 0.806999
2 1848 1846 0.000892692 1848 0.999107
1 1849 1849 1
1 1850 1850 1
1 1851 1851 1
1 1852 1852 1
1 1853 1853 1
1 1854 1854 1
1 1855 1855 1
1 1856 1856 1
1 1857 1857 1
1 1858 1858 1
1 1859 1859 1
1 1860 1860 1
1 1861 1861 1
2 1862 1861 0.963619 1862 0.0363808
1 1863 1863 1
4 1864 1863 0.00501254 1862 0.561678 1861 0.415114 1864 0.0181948
2 1865 1863 0.983499 1865 0.0165008
1 1866 1866 1
2 1867 1866 0.99137 1867 0.00863001
1 1868 1868 1
1 1869 1869 1
1 1870 1870 1
1 1871 1871 1
1 1872 1872 1
1 1873 1873 1
1 1874 1874 1
1 1875 1875 1
1 1876 1876 1
1 1877 1877 1
1 1878 1878 1
1 1879 1879 1
2 1880 1879 0.833242 1880 0.166758
1 1881 1881 1
1 1882 1882 1
1 1883 1883 1
1 1884 1884 1
1 1885 1885 1
2 1886 1885 0.989757 1886 0.0102433
2 1887 1882 0.984289 1887 0.0157106
3 1888 1887 0.882817 1882 0.114451 1888 0.00273167
1 1889 1889 1
1 1890 1890 1
1 1891 1891 1
1 1892 1892 1
3 1893 1892 0.00345991 1891 0.990653 1893 0.00588673
2 1894 1892 0.485734 1894 0.514266
1 1895 1895 1
1 1896 1896 1
2 1897 1896 0.968943 1897 0.0310568
1 1898 1898 1
2 1899 1898 0.980072 1899 0.0199285
3 1900 1899 0.739185 1898 0.235798 1900 0.0250172
1 1901 1901 1
1 1902 1902 1
1 1903 1903 1
1 1904 1904 1
1 1905 1905 1
1 1906 1906 1
1 1907 1907 1
1 1908 1908 1
1 1909 1909 1
1 1910 1910 1
1 1911 1911 1
1 1912 1912 1
1 1913 1913 1
1 1914 1914 1
1 1915 1915 1
1 1916 1916 1
1 1917 1917 1
2 1918 1917 0.996335 1918 0.0036648
2 1919 1915 0.0780241 1919 0.921976
2 1920 1919 0.999017 1920 0.000983297
3 1921 1920 0.542113 1919 0.45701 1921 0.000877228
4 1922 1921 0.513868 1920 0.263498 1919 0.222133 1922 0.000501379
3 1923 1919 0.525429 1915 0.445982 1923 0.0285887
4 1924 1923 0.980459 1919 0.00999678 1915 0.0082306 1924 0.00131407
5 1925 1924 0.715029 1923 0.278635 1919 0.0028416 1915 0.00233917 1925 0.00115513
6 1926 1925 0.687831 1924 0.222343 1923 0.086643 1919 0.000883669 1915 0.0007274 1926 0.00157232
3 1927 1916 0.719767 1915 0.00421621 1927 0.276017
1 1928 1928 1
1 1929 1929 1
1 1930 1930 1
1 1931 1931 1
1 1932 1932 1
1 1933 1933 1
1 1934 1934 1
1 1935 1935 1
1 1936 1936 1
1 1937 1937 1
1 1938 1938 1
1 1939 1939 1
1 1940 1940 1
1 1941 1941 1
1 1942 1942 1
1 1943 1943 1
1 1944 1944 1
1 1945 1945 1
1 1946 1946 1
3 1947 1946 0.00579072 1945 0.770649 1947 0.223561
2 1948 1946 0.699532 1948 0.300468
1 1949 1949 1
1 1950 1950 1
1 1951 1951 1
1 1952 1952 1
1 1953 1953 1
1 1954 1954 1
1 1955 1955 1
1 1956 1956 1
1 1957 1957 1
1 1958 1958 1
1 1959 1959 1
2 1960 1959 0.996013 1960 0.00398665
1 1961 1961 1
2 1962 1961 0.997599 1962 0.00240149
4 1963 1960 0.0588415 1959 0.0551515 1958 0.841711 1963 0.0442964
2 1964 1957 0.978032 1964 0.0219678
4 1965 1963 0.0222912 1958 0.00484455 1957 0.614768 1965 0.358097
1 1966 1966 1
1 1967 1967 1
1 1968 1968 1
1 1969 1969 1
2 1970 1969 0.965742 1970 0.0342576
1 1971 1971 1
1 1972 1972 1
1 1973 1973 1
1 1974 1974 1
1 1975 1975 1
1 1976 1976 1
1 1977 1977 1
2 1978 1977 0.476434 1978 0.523566
1 1979 1979 1
1 1980 1980 1
1 1981 1981 1
1 1982 1982 1
1 1983 1983 1
1 1984 1984 1
1 1985 1985 1
1 1986 1986 1
1 1987 1987 1
1 1988 1988 1
1 1989 1989 1
2 1990 1986 0.968305 1990 0.0316949
1 1991 1991 1
1 1992 1992 1
1 1993 1993 1
1 1994 1994 1
3 1995 1994 0.0587301 1993 0.872722 1995 0.0685482
2 1996 1994 0.936708 1996 0.0632916
1 1997 1997 1
2 1998 1992 0.275499 1998 0.724501
4 1999 1995 0.304521 1993 0.541957 1992 0.0013664 1999 0.152156
1 2000 2000 1
1 2001 2001 1
1 2002 2002 1
1 2003 2003 1
1 2004 2004 1
1 2005 2005 1
1 2006 2006 1
1 2007 2007 1
1 2008 2008 1
1 2009 2009 1
1 2010 2010 1
1 2011 2011 1
1 2012 2012 1
1 2013 2013 1
1 2014 2014 1
1 2015 2015 1
1 2016 2016 1
3 2017 2015 0.638424 2014 0.320565 2017 0.041011
1 2018 2018 1
1 2019 2019 1
1 2020 2020 1
2 2021 2020 0.970987 2021 0.0290132
1 2022 2022 1
4 2023 2022 0.069711 2021 0.640538 2020 0.278338 2023 0.011413
2 2024 2022 0.99296 2024 0.00704019
1 2025 2025 1
2 2026 2025 0.993016 2026 0.00698399
2 2027 2019 0.987636 2027 0.0123637
5 2028 2026 0.0436366 2025 0.0397851 2024 0.477421 2022 0.431724 2028 0.0074335
3 2029 2027 0.851478 2019 0.140835 2029 0.00768696
1 2030 2030 1
1 2031 2031 1
1 2032 2032 1
1 2033 2033 1
1 2034 2034 1
2 2035 2031 0.804331 2035 0.195669
3 2036 2035 0.964937 2031 0.0254081 2036 0.00965506
3 2037 2032 0.940068 2031 0.0123182 2037 0.0476142
3 2038 2033 0.907415 2032 0.0651701 2038 0.0274153
1 2039 2039 1
1 2040 2040 1
1 2041 2041 1
1 2042 2042 1
1 2043 2043 1
2 2044 2040 0.00547454 2044 0.994525
1 2045 2045 1
1 2046 2046 1
2 2047 2046 0.471999 2047 0.528001
1 2048 2048 1
2 2049 2048 0.957567 2049 0.0424328
1 2050 2050 1
2 2051 2050 0.977004 2051 0.0229964
2 2052 2045 0.14349 2052 0.85651
4 2053 2047 0.683086 2046 0.288236 2045 0.000729994 2053 0.0279475
5 2054 2051 0.00299507 2050 0.00508845 2049 0.524837 2048 0.330865 2054 0.136214
5 2055 2053 0.970337 2047 0.019677 2046 0.00820261 2045 2.08836e-05 2055 0.00176253
6 2056 2054 0.845421 2049 0.090973 2048 0.0573509 2047 0.000146909 2046 0.00168547 2056 0.00442242
7 2057 2056 0.887336 2054 0.094975 2049 0.0102199 2048 0.00644282 2047 1.58076e-05 2046 0.000180193 2057 0.000830518
4 2058 2052 0.105577 2051 0.536809 2050 0.148837 2058 0.208777
7 2059 2058 0.978445 2054 0.000449626 2051 0.0161472 2050 0.00448814 2049 4.83828e-05 2048 3.05014e-05 2059 0.000390935
9 2060 2059 0.14082 2057 0.526018 2056 0.294335 2054 0.0316392 2049 0.00340459 2048 0.00214631 2047 5.24589e-06 2046 5.94513e-05 2060 0.00157273
1 2061 2061 1
1 2062 2062 1
1 2063 2063 1
2 2064 2063 0.993251 2064 0.00674866
1 2065 2065 1
2 2066 2065 0.987514 2066 0.0124864
4 2067 2064 0.0748617 2063 0.0705029 2062 0.817952 2067 0.0366837
2 2068 2061 0.987963 2068 0.0120366
5 2069 2066 0.0740108 2065 0.0377893 2064 0.449284 2063 0.423125 2069 0.0157915
4 2070 2067 0.762269 2062 0.220663 2061 0.0156116 2070 0.00145623
6 2071 2069 0.713785 2067 0.0258451 2064 0.129972 2063 0.122405 2062 0.00748167 2071 0.000510911
6 2072 2069 0.706398 2066 0.0214597 2065 0.0109572 2064 0.128627 2063 0.121138 2072 0.0114192
4 2073 2068 0.0843181 2066 0.590852 2065 0.301684 2073 0.0231462
8 2074 2072 0.476492 2071 0.258536 2069 0.189053 2067 0.00680457 2064 0.0344244 2063 0.03242 2062 0.0019698 2074 0.000300837
4 2075 2070 0.0799406 2068 0.781195 2061 0.132325 2075 0.00654022
6 2076 2075 0.0693486 2073 0.726663 2068 0.0170941 2066 0.119961 2065 0.0612509 2076 0.0056826
7 2077 2076 0.465681 2075 0.0368949 2073 0.384784 2068 0.00909437 2066 0.0635216 2065 0.0324337 2077 0.0075898
8 2078 2077 0.539458 2076 0.213905 2075 0.0169964 2073 0.176746 2068 0.00418953 2066 0.0291779 2065 0.014898 2078 0.00462867
5 2079 2075 0.756744 2070 0.0191382 2068 0.186533 2061 0.0315963 2079 0.00598779
9 2080 2074 0.364693 2072 0.302397 2071 0.164075 2069 0.119978 2067 0.0042567 2064 0.0218468 2063 0.0205747 2062 0.00123223 2080 0.000946656
11 2081 2078 0.418584 2077 0.315304 2076 0.125024 2073 0.103305 2072 0.00768524 2069 0.00304918 2066 0.0170539 2065 0.00870762 2064 0.000555223 2063 0.000522893 2081 0.000209914
10 2082 2079 0.683104 2078 0.0400458 2077 0.030165 2076 0.011961 2075 0.17822 2073 0.00988313 2068 0.0439302 2066 0.00163155 2065 0.000833057 2082 0.000226528
11 2083 2082 0.466321 2079 0.364199 2078 0.0215709 2077 0.0162485 2076 0.00644285 2075 0.0950185 2073 0.00532361 2068 0.0234215 2066 0.000878839 2065 0.000448729 2083 0.000126901
8 2084 2080 0.328106 2074 0.0661644 2071 0.0297672 2070 0.362284 2067 0.155733 2062 0.0450816 2061 0.00296426 2084 0.00989929
9 2085 2084 0.920727 2080 0.0261786 2074 0.00527908 2071 0.00237504 2070 0.0275406 2067 0.0118387 2062 0.00342707 2061 0.000236509 2085 0.0023973
8 2086 2085 0.2998 2084 0.0944929 2079 0.436912 2075 0.113989 2070 0.00282646 2068 0.0280977 2061 0.00475939 2086 0.0191224
11 2087 2081 0.0384802 2080 0.61361 2074 0.123738 2072 0.102601 2071 0.0556693 2069 0.0407079 2067 0.00144757 2064 0.00741245 2063 0.00698087 2062 0.000419046 2087 0.00893374
11 2088 2087 0.154212 2085 0.628915 2084 0.198226 2080 0.00552276 2074 0.00111369 2071 0.000501048 2070 0.00592929 2067 0.00254878 2062 0.000737824 2061 4.98949e-05 2088 0.00224417
12 2089 2087 0.944506 2081 0.00214373 2080 0.0338254 2074 0.00682107 2072 0.00565589 2071 0.00306879 2069 0.00224403 2067 8.06446e-05 2064 0.000408613 2063 0.000384821 2062 2.33451e-05 2089 0.000837401
13 2090 2089 0.0665389 2088 0.682911 2087 0.0392257 2085 0.156876 2084 0.0494454 2080 0.00140479 2074 0.000283282 2071 0.000127448 2070 0.001479 2067 0.000635767 2062 0.000184042 2061 1.26914e-05 2090 0.00087571
13 2091 2089 0.614014 2087 0.361972 2081 0.000821554 2080 0.0129633 2074 0.0026141 2072 0.00216756 2071 0.00117608 2069 0.000860003 2067 3.09058e-05 2064 0.000156597 2063 0.000147479 2062 8.94666e-06 2091 0.00306724
14 2092 2083 0.000774908 2082 0.000737423 2081 3.98657e-05 2078 3.10973e-05 2077 2.34245e-05 2076 9.28828e-06 2073 7.67471e-06 2072 0.000116114 2069 4.60693e-05 2066 1.26697e-06 2065 6.46905e-07 2064 8.38869e-06 2063 7.90028e-06 2092 0.998196
13 2093 2086 0.00357593 2083 0.000225989 2082 0.000215056 2079 0.00016796 2078 0.00260401 2077 0.0019615 2076 0.000777771 2075 4.38203e-05 2073 0.000642657 2068 1.08015e-05 2066 0.000106092 2065 5.41699e-05 2093 0.989614
11 2094 2090 0.00852716 2088 0.00545394 2086 0.0444492 2085 0.00125286 2084 0.000394886 2079 0.00208775 2075 0.00054469 2070 1.18118e-05 2068 0.000134263 2061 2.27424e-05 2094 0.937121
15 2095 2091 0.0671367 2090 0.156682 2089 0.00702379 2088 0.100213 2087 0.00414064 2085 0.0230207 2084 0.00725584 2080 0.000148288 2074 2.9903e-05 2071 1.34533e-05 2070 0.000217035 2067 9.32952e-05 2062 2.70072e-05 2061 1.3397e-06 2095 0.633997
15 2096 2092 0.989043 2091 0.0085712 2089 0.000896715 2087 0.000528629 2081 1.12497e-06 2080 1.89316e-05 2074 3.81767e-06 2072 3.16553e-06 2071 1.71756e-06 2069 1.25595e-06 2067 4.232e-08 2064 2.28696e-07 2063 2.1538e-07 2062 1.22508e-08 2096 0.000929446
16 2097 2096 0.905963 2092 0.0929462 2091 0.00080581 2089 8.43037e-05 2087 4.96982e-05 2081 1.0554e-07 2080 1.77983e-06 2074 3.58912e-07 2072 2.97603e-07 2071 1.61474e-07 2069 1.18076e-07 2067 3.97026e-09 2064 2.15005e-08 2063 2.02486e-08 2062 1.14932e-09 2097 0.000147989
16 2098 2097 0.0230573 2096 0.0136095 2095 0.937855 2091 0.00459547 2090 0.00778007 2089 0.000480776 2088 0.00497608 2087 0.000283425 2085 0.00114309 2084 0.000360288 2080 1.01503e-05 2074 2.04685e-06 2071 9.20876e-07 2070 1.07769e-05 2067 4.63257e-06 2098 0.00583092
2 2099 2093 1.14572e-07 2099 1
3 2100 2094 4.32691e-07 2093 2.78843e-05 2100 0.999972
1 2101 2101 1
1 2102 2102 1
2 2103 2102 0.877772 2103 0.122228
1 2104 2104 1
1 2105 2105 1
1 2106 2106 1
1 2107 2107 1
1 2108 2108 1
3 2109 2108 0.0674677 2107 0.562093 2109 0.370439
2 2110 2108 0.413703 2110 0.586297
5 2111 2110 0.00818529 2109 0.507454 2108 0.0595277 2107 0.361309 2111 0.0635234
2 2112 2106 6.92698e-06 2112 0.999993
5 2113 2111 2.35902e-05 2109 8.81878e-08 2107 1.74155e-06 2106 2.72739e-05 2113 0.999947
3 2114 2113 0.029021 2112 0.123255 2114 0.847724
1 2115 2115 1
1 2116 2116 1
1 2117 2117 1
1 2118 2118 1
2 2119 2118 0.921778 2119 0.0782223
1 2120 2120 1
1 2121 2121 1
1 2122 2122 1
1 2123 2123 1
1 2124 2124 1
2 2125 2124 0.984286 2125 0.015714
1 2126 2126 1
1 2127 2127 1
1 2128 2128 1
3 2129 2128 0.0186899 2127 0.959692 2129 0.0216183
1 2130 2130 1
1 2131 2131 1
1 2132 2132 1
1 2133 2133 1
1 2134 2134 1
3 2135 2134 0.174749 2133 0.727174 2135 0.0980774
1 2136 2136 1
1 2137 2137 1
1 2138 2138 1
1 2139 2139 1
1 2140 2140 1
1 2141 2141 1
1 2142 2142 1
1 2143 2143 1
1 2144 2144 1
1 2145 2145 1
1 2146 2146 1
2 2147 2144 0.999724 2147 0.000276338
1 2148 2148 1
1 2149 2149 1
1 2150 2150 1
2 2151 2150 0.989576 2151 0.0104241
1 2152 2152 1
2 2153 2148 0.975307 2153 0.0246927
1 2154 2154 1
1 2155 2155 1
1 2156 2156 1
1 2157 2157 1
1 2158 2158 1
1 2159 2159 1
1 2160 2160 1
1 2161 2161 1
1 2162 2162 1
1 2163 2163 1
1 2164 2164 1
1 2165 2165 1
1 2166 2166 1
1 2167 2167 1
2 2168 2164 0.486775 2168 0.513225
3 2169 2165 0.0759859 2164 0.00335742 2169 0.920657
1 2170 2170 1
1 2171 2171 1
3 2172 2171 0.0047589 2170 0.454436 2172 0.540805
2 2173 2171 0.287049 2173 0.712951
1 2174 2174 1
1 2175 2175 1
1 2176 2176 1
1 2177 2177 1
2 2178 2174 0.658662 2178 0.341338
3 2179 2175 0.373651 2174 0.0075323 2179 0.618817
1 2180 2180 1
1 2181 2181 1
1 2182 2182 1
1 2183 2183 1
1 2184 2184 1
1 2185 2185 1
2 2186 2185 0.985234 2186 0.0147662
2 2187 2182 0.897724 2187 0.102276
3 2188 2187 0.937547 2182 0.0543454 2188 0.00810808
3 2189 2183 0.956799 2182 0.00602673 2189 0.0371745
5 2190 2188 0.0740006 2187 0.0548045 2186 0.452446 2185 0.392171 2190 0.0265777
5 2191 2189 0.0395776 2188 0.533337 2187 0.394987 2182 0.0229232 2191 0.00917536
4 2192 2189 0.845795 2183 0.140768 2182 0.000903177 2192 0.0125337
7 2193 2192 0.0356087 2191 0.567712 2189 0.0155568 2188 0.21141 2187 0.156569 2182 0.0091412 2193 0.00400212
5 2194 2192 0.657831 2189 0.287395 2183 0.0478318 2182 0.000306694 2194 0.00663525
3 2195 2184 0.870957 2183 0.0493776 2195 0.0796654
1 2196 2196 1
1 2197 2197 1
1 2198 2198 1
1 2199 2199 1
1 2200 2200 1
2 2201 2200 0.088957 2201 0.911043
1 2202 2202 1
1 2203 2203 1
1 2204 2204 1
1 2205 2205 1
1 2206 2206 1
1 2207 2207 1
1 2208 2208 1
1 2209 2209 1
1 2210 2210 1
1 2211 2211 1
1 2212 2212 1
1 2213 2213 1
1 2214 2214 1
1 2215 2215 1
2 2216 2215 0.987919 2216 0.0120805
3 2217 2216 0.803916 2215 0.190939 2217 0.00514556
1 2218 2218 1
1 2219 2219 1
1 2220 2220 1
1 2221 2221 1
1 2222 2222 1
1 2223 2223 1
1 2224 2224 1
1 2225 2225 1
1 2226 2226 1
1 2227 2227 1
1 2228 2228 1
1 2229 2229 1
1 2230 2230 1
1 2231 2231 1
1 2232 2232 1
1 2233 2233 1
1 2234 2234 1
1 2235 2235 1
1 2236 2236 1
1 2237 2237 1
1 2238 2238 1
1 2239 2239 1
1 2240 2240 1
3 2241 2239 0.00665311 2238 0.0397473 2241 0.9536
1 2242 2242 1
1 2243 2243 1
1 2244 2244 1
1 2245 2245 1
2 2246 2245 0.967286 2246 0.0327143
1 2247 2247 1
2 2248 2247 0.986091 2248 0.0139087
3 2249 2248 0.119856 2247 0.845883 2249 0.0342611
1 2250 2250 1
2 2251 2250 0.855239 2251 0.144761
1 2252 2252 1
1 2253 2253 1
1 2254 2254 1
3 2255 2251 2.6402e-06 2250 4.61169e-07 2255 0.999997
4 2256 2252 0.0331767 2251 9.23223e-05 2250 1.61262e-05 2256 0.966715
5 2257 2256 0.848331 2252 3.51684e-06 2251 0.000199761 2250 3.48927e-05 2257 0.151431
3 2258 2253 0.338319 2252 0.000656327 2258 0.661025
4 2259 2258 0.828961 2253 5.3717e-06 2252 0.000150774 2259 0.170883
6 2260 2257 0.0352498 2256 0.560699 2255 0.367304 2251 2.20457e-08 2250 3.85078e-09 2260 0.036747
1 2261 2261 1
1 2262 2262 1
1 2263 2263 1
2 2264 2261 0.00240097 2264 0.997599
2 2265 2261 5.00663e-05 2265 0.99995
1 2266 2266 1
1 2267 2267 1
1 2268 2268 1
1 2269 2269 1
1 2270 2270 1
1 2271 2271 1
1 2272 2272 1
1 2273 2273 1
2 2274 2273 0.167044 2274 0.832956
1 2275 2275 1
2 2276 2275 0.940389 2276 0.0596107
1 2277 2277 1
2 2278 2277 0.893469 2278 0.106531
1 2279 2279 1
3 2280 2274 0.351404 2273 0.00144259 2280 0.647153
4 2281 2280 0.989573 2274 0.00348264 2273 1.42969e-05 2281 0.0069297
4 2282 2281 0.0912134 2280 0.0832762 2279 0.811507 2282 0.0140039
5 2283 2282 0.51582 2281 0.0440154 2280 0.0401853 2279 0.387814 2283 0.0121649
5 2284 2281 0.518516 2280 0.473395 2274 0.00166183 2273 6.8221e-06 2284 0.00642044
6 2285 2284 0.500727 2281 0.258643 2280 0.236136 2274 0.000828951 2273 3.403e-06 2285 0.0036608
8 2286 2285 0.0453464 2284 0.0396709 2283 0.440866 2282 0.242611 2281 0.0204914 2280 0.0187083 2279 0.182405 2286 0.00990085
5 2287 2276 0.641968 2275 0.216923 2274 0.000304744 2273 1.25103e-06 2287 0.140803
9 2288 2286 0.427995 2285 0.0257349 2284 0.022514 2283 0.247295 2282 0.136088 2281 0.0116292 2280 0.0106173 2279 0.102316 2288 0.015811
6 2289 2287 0.951655 2276 0.0280641 2275 0.00951635 2274 1.34056e-05 2273 5.5033e-08 2289 0.0107512
10 2290 2288 0.535278 2286 0.18809 2285 0.011484 2284 0.0100467 2283 0.108678 2282 0.0598059 2281 0.00518947 2280 0.0047379 2279 0.0449646 2290 0.0317251
9 2291 2289 0.0936631 2287 0.0538266 2285 0.298054 2284 0.26075 2281 0.134687 2280 0.122966 2274 0.000432823 2273 1.77683e-06 2291 0.0356186
1 2292 2292 1
1 2293 2293 1
1 2294 2294 1
1 2295 2295 1
1 2296 2296 1
1 2297 2297 1
1 2298 2298 1
1 2299 2299 1
2 2300 2296 0.000601334 2300 0.999399
1 2301 2301 1
1 2302 2302 1
1 2303 2303 1
1 2304 2304 1
1 2305 2305 1
1 2306 2306 1
1 2307 2307 1
3 2308 2307 0.139778 2306 0.831857 2308 0.0283652
1 2309 2309 1
4 2310 2308 0.6767 2307 0.0439372 2306 0.257458 2310 0.0219047
1 2311 2311 1
1 2312 2312 1
1 2313 2313 1
1 2314 2314 1
1 2315 2315 1
1 2316 2316 1
1 2317 2317 1
1 2318 2318 1
1 2319 2319 1
1 2320 2320 1
1 2321 2321 1
1 2322 2322 1
1 2323 2323 1
2 2324 2323 0.996306 2324 0.0036937
1 2325 2325 1
2 2326 2321 0.0512526 2326 0.948747
3 2327 2322 0.290322 2321 0.000966889 2327 0.708711
4 2328 2324 0.336981 2323 0.264108 2322 0.000959035 2328 0.397952
1 2329 2329 1
1 2330 2330 1
1 2331 2331 1
2 2332 2330 0.00358145 2332 0.996419
3 2333 2331 0.0194204 2330 0.258675 2333 0.721905
4 2334 2333 0.890783 2331 0.00480657 2330 0.0416362 2334 0.0627746
2 2335 2331 0.446373 2335 0.553627
1 2336 2336 1
2 2337 2336 0.979765 2337 0.0202348
2 2338 2332 0.612754 2338 0.387246
5 2339 2334 0.724369 2333 0.218908 2332 0.00202954 2330 0.0101519 2339 0.0445417
1 2340 2340 1
1 2341 2341 1
1 2342 2342 1
1 2343 2343 1
1 2344 2344 1
1 2345 2345 1
1 2346 2346 1
1 2347 2347 1
1 2348 2348 1
1 2349 2349 1
1 2350 2350 1
1 2351 2351 1
1 2352 2352 1
1 2353 2353 1
1 2354 2354 1
1 2355 2355 1
1 2356 2356 1
1 2357 2357 1
1 2358 2358 1
1 2359 2359 1
1 2360 2360 1
1 2361 2361 1
1 2362 2362 1
1 2363 2363 1
1 2364 2364 1
1 2365 2365 1
1 2366 2366 1
1 2367 2367 1
1 2368 2368 1
1 2369 2369 1
2 2370 2369 0.975241 2370 0.0247594
1 2371 2371 1
4 2372 2371 0.0832098 2370 0.46256 2369 0.415603 2372 0.0386263
2 2373 2371 0.980228 2373 0.0197724
2 2374 2367 0.249549 2374 0.750451
4 2375 2374 0.0685192 2373 0.476036 2371 0.30589 2375 0.149554
1 2376 2376 1
1 2377 2377 1
1 2378 2378 1
2 2379 2378 0.984768 2379 0.0152317
1 2380 2380 1
2 2381 2380 0.992135 2381 0.00786482
3 2382 2381 0.676859 2380 0.320443 2382 0.00269772
2 2383 2376 0.925291 2383 0.0747089
3 2384 2383 0.971731 2376 0.0262077 2384 0.00206079
3 2385 2377 0.997863 2376 0.00110512 2385 0.00103187
4 2386 2385 0.914193 2377 0.0851075 2376 0.000104935 2386 0.00059476
4 2387 2379 0.566241 2378 0.418927 2377 0.0148257 2387 5.84157e-06
6 2388 2387 0.00418327 2386 0.407083 2385 0.538422 2377 0.0501249 2376 4.78945e-05 2388 0.000139228
6 2389 2382 0.086299 2381 0.0814605 2380 0.0385656 2379 0.000250609 2378 0.00018541 2389 0.793239
6 2390 2384 0.0299124 2383 0.178038 2382 0.00616877 2381 0.00582292 2380 0.00275672 2390 0.777302
7 2391 2388 0.469153 2386 0.150733 2385 0.175348 2384 0.000271848 2383 0.000652037 2376 1.75855e-05 2391 0.203825
8 2392 2391 0.985741 2388 0.00652262 2386 0.00217657 2385 0.00243785 2384 3.92467e-06 2383 9.31112e-06 2376 2.51122e-07 2392 0.00310805
7 2393 2388 0.006683 2387 0.0678971 2386 0.00215577 2385 0.00249781 2377 0.000232535 2376 0.000777358 2393 0.919756
9 2394 2392 0.060584 2391 0.0556846 2390 0.857863 2384 0.000277833 2383 0.00164711 2382 5.51456e-05 2381 5.20539e-05 2380 2.46436e-05 2394 0.0238119
10 2395 2393 0.00478308 2392 0.510388 2391 0.469113 2388 0.0031041 2386 0.00103518 2385 0.00116017 2384 1.87305e-06 2383 4.38612e-06 2376 1.18294e-07 2395 0.0104107
2 2396 2389 0.00121248 2396 0.998788
1 2397 2397 1
1 2398 2398 1
1 2399 2399 1
1 2400 2400 1
1 2401 2401 1
1 2402 2402 1
2 2403 2402 0.687114 2403 0.312886
1 2404 2404 1
1 2405 2405 1
1 2406 2406 1
1 2407 2407 1
1 2408 2408 1
1 2409 2409 1
1 2410 2410 1
2 2411 2409 2.82196e-06 2411 0.999997
1 2412 2412 1
1 2413 2413 1
1 2414 2414 1
1 2415 2415 1
1 2416 2416 1
1 2417 2417 1
1 2418 2418 1
2 2419 2418 0.980116 2419 0.019884
4 2420 2419 0.0837478 2418 0.0534384 2417 0.829799 2420 0.0330152
5 2421 2420 0.590987 2419 0.0346403 2418 0.0221036 2417 0.33872 2421 0.0135485
1 2422 2422 1
2 2423 2422 0.99182 2423 0.00817978
5 2424 2423 0.0732595 2422 0.0570824 2419 0.523667 2418 0.334145 2424 0.0118462
6 2425 2424 0.47708 2423 0.0385952 2422 0.0300726 2419 0.272669 2418 0.173987 2425 0.00759714
8 2426 2425 0.0419991 2424 0.0341087 2421 0.340191 2420 0.338502 2419 0.0194943 2418 0.0124391 2417 0.19401 2426 0.0192564
3 2427 2423 0.556392 2422 0.433529 2427 0.010079
2 2428 2416 0.79542 2428 0.20458
6 2429 2426 0.487463 2421 0.196556 2420 0.19558 2417 0.112095 2416 0.00341103 2429 0.00489556
9 2430 2426 0.0363614 2425 0.358501 2424 0.291149 2421 0.0146617 2420 0.0145889 2419 0.166403 2418 0.10618 2417 0.00836155 2430 0.00379371
10 2431 2430 0.823047 2426 0.00646186 2425 0.0629837 2424 0.051151 2421 0.00260557 2420 0.00259262 2419 0.0292347 2418 0.0186543 2417 0.00148594 2431 0.00178294
1 2432 2432 1
1 2433 2433 1
1 2434 2434 1
2 2435 2434 0.96122 2435 0.0387798
1 2436 2436 1
4 2437 2436 0.0513388 2435 0.573661 2434 0.300389 2437 0.0746116
2 2438 2436 0.857605 2438 0.142395
1 2439 2439 1
2 2440 2439 0.986027 2440 0.0139734
3 2441 2440 0.455562 2439 0.415196 2441 0.129242
4 2442 2441 0.733449 2440 0.079476 2439 0.0724339 2442 0.114641
2 2443 2433 0.263635 2443 0.736365
5 2444 2437 0.251644 2435 0.270973 2434 0.141891 2433 0.000763512 2444 0.334729
6 2445 2438 0.247408 2437 0.000751569 2436 0.546709 2435 0.0211314 2434 0.0110651 2445 0.172935
4 2446 2444 0.184511 2443 0.691856 2433 0.00161089 2446 0.122023
7 2447 2445 0.0900731 2444 0.848778 2437 0.00412705 2435 0.00442832 2434 0.00231882 2433 1.23061e-05 2447 0.0502623
7 2448 2445 0.974909 2438 0.0028806 2437 8.68653e-06 2436 0.00630752 2435 0.000245952 2434 0.000128789 2448 0.0155192
9 2449 2448 0.0743322 2447 0.819153 2445 0.00957391 2444 0.0895218 2437 0.000435381 2435 0.000467061 2434 0.000244569 2433 1.30032e-06 2449 0.00627026
8 2450 2448 0.882599 2445 0.113678 2438 0.000336984 2437 1.01342e-06 2436 0.00073548 2435 2.87105e-05 2434 1.50338e-05 2450 0.00260507
7 2451 2442 0.50741 2441 0.0953058 2440 0.16526 2439 0.150617 2438 0.000624187 2436 0.00407362 2451 0.0767093
11 2452 2450 0.0518787 2449 0.465238 2448 0.0360593 2447 0.393858 2445 0.00464441 2444 0.0430431 2437 0.000209617 2435 0.000224568 2434 0.000117592 2433 6.22363e-07 2452 0.00472579
1 2453 2453 1
1 2454 2454 1
1 2455 2455 1
1 2456 2456 1
1 2457 2457 1
2 2458 2456 0.886244 2458 0.113756
3 2459 2458 0.962281 2456 0.0339067 2459 0.00381186
2 2460 2456 0.983802 2460 0.0161984
3 2461 2460 0.933587 2456 0.0376122 2461 0.0288009
2 2462 2455 0.252616 2462 0.747384
1 2463 2463 1
1 2464 2464 1
1 2465 2465 1
1 2466 2466 1
1 2467 2467 1
1 2468 2468 1
1 2469 2469 1
1 2470 2470 1
1 2471 2471 1
2 2472 2468 0.0752021 2472 0.924798
1 2473 2473 1
2 2474 2472 2.39264e-06 2474 0.999998
2 2475 2474 0.86912 2475 0.13088
1 2476 2476 1
2 2477 2476 0.992774 2477 0.00722578
3 2478 2477 0.525292 2476 0.463502 2478 0.0112063
1 2479 2479 1
2 2480 2473 0.282498 2480 0.717502
1 2481 2481 1
1 2482 2482 1
2 2483 2482 0.0001873 2483 0.999813
1 2484 2484 1
1 2485 2485 1
1 2486 2486 1
1 2487 2487 1
1 2488 2488 1
1 2489 2489 1
2 2490 2486 0.981837 2490 0.0181632
3 2491 2490 0.0747047 2489 0.909133 2491 0.0161626
3 2492 2487 0.938376 2486 0.0464596 2492 0.0151648
3 2493 2488 0.929839 2487 0.0620572 2493 0.0081035
4 2494 2491 0.724398 2489 0.261612 2488 0.0118625 2494 0.0021284
4 2495 2492 0.166516 2490 0.583668 2486 0.204627 2495 0.0451884
5 2496 2493 0.0813969 2492 0.773373 2487 0.0973427 2486 0.00477425 2496 0.0431136
1 2497 2497 1
1 2498 2498 1
1 2499 2499 1
1 2500 2500 1
2 2501 2500 0.00058923 2501 0.999411
1 2502 2502 1
1 2503 2503 1
2 2504 2503 0.969156 2504 0.0308444
1 2505 2505 1
1 2506 2506 1
1 2507 2507 1
2 2508 2507 0.963347 2508 0.0366528
1 2509 2509 1
1 2510 2510 1
1 2511 2511 1
1 2512 2512 1
1 2513 2513 1
2 2514 2513 0.87932 2514 0.12068
1 2515 2515 1
1 2516 2516 1
1 2517 2517 1
1 2518 2518 1
1 2519 2519 1
1 2520 2520 1
1 2521 2521 1
2 2522 2521 0.960955 2522 0.0390448
1 2523 2523 1
1 2524 2524 1
2 2525 2520 0.994251 2525 0.00574932
4 2526 2522 0.586173 2521 0.402777 2520 0.00192858 2526 0.00912118
3 2527 2525 0.0822032 2524 0.906141 2527 0.0116562
4 2528 2527 0.850485 2525 0.012419 2524 0.135136 2528 0.0019596
4 2529 2523 0.987449 2522 0.00473646 2521 0.00325458 2529 0.00456026
5 2530 2528 0.487082 2527 0.432425 2525 0.00625612 2524 0.0687092 2530 0.00552761
6 2531 2530 0.731319 2528 0.131813 2527 0.117021 2524 0.0185939 2523 0.00102417 2531 0.000228715
6 2532 2530 0.457111 2528 0.0823899 2527 0.0731444 2525 0.21903 2524 0.0116221 2532 0.156702
4 2533 2526 0.733312 2525 0.016011 2520 8.56934e-05 2533 0.250591
1 2534 2534 1
1 2535 2535 1
1 2536 2536 1
1 2537 2537 1
