0 -1
1 -1
2 -1
3 -1
4 2
5 3
6 5
7 -1
8 -1
9 -1
10 -1
11 10
12 11
13 7
14 9
15 -1
16 -1
17 -1
18 -1
19 -1
20 -1
21 -1
22 -1
23 -1
24 -1
25 24
26 -1
27 -1
28 -1
29 -1
30 -1
31 -1
32 -1
33 -1
34 -1
35 -1
36 -1
37 -1
38 -1
39 -1
40 -1
41 -1
42 -1
43 42
44 -1
45 43
46 45
47 -1
48 -1
49 -1
50 -1
51 -1
52 -1
53 51
54 52
55 -1
56 50
57 51
58 55
59 54
60 59
61 -1
62 -1
63 -1
64 63
65 -1
66 62
67 65
68 -1
69 -1
70 69
71 -1
72 -1
73 -1
74 -1
75 -1
76 -1
77 -1
78 -1
79 -1
80 -1
81 -1
82 -1
83 -1
84 -1
85 -1
86 -1
87 -1
88 87
89 -1
90 -1
91 -1
92 -1
93 -1
94 -1
95 -1
96 -1
97 -1
98 -1
99 -1
100 96
101 98
102 -1
103 -1
104 -1
105 -1
106 -1
107 -1
108 -1
109 -1
110 -1
111 -1
112 -1
113 -1
114 -1
115 -1
116 -1
117 -1
118 -1
119 -1
120 -1
121 -1
122 121
123 -1
124 -1
125 124
126 -1
127 -1
128 -1
129 -1
130 -1
131 -1
132 -1
133 -1
134 -1
135 -1
136 -1
137 -1
138 -1
139 -1
140 -1
141 -1
142 -1
143 -1
144 -1
145 -1
146 -1
147 145
148 147
149 148
150 -1
151 -1
152 -1
153 -1
154 152
155 153
156 -1
157 151
158 156
159 -1
160 155
161 155
162 158
163 -1
164 163
165 -1
166 -1
167 -1
168 -1
169 -1
170 -1
171 -1
172 -1
173 -1
174 -1
175 174
176 -1
177 176
178 -1
179 -1
180 -1
181 -1
182 -1
183 -1
184 -1
185 -1
186 -1
187 -1
188 187
189 -1
190 -1
191 -1
192 -1
193 192
194 -1
195 -1
196 -1
197 -1
198 -1
199 -1
200 199
201 -1
202 -1
203 -1
204 -1
205 -1
206 -1
207 -1
208 -1
209 -1
210 -1
211 -1
212 211
213 -1
214 -1
215 214
216 -1
217 -1
218 -1
219 -1
220 -1
221 -1
222 -1
223 -1
224 -1
225 -1
226 -1
227 226
228 -1
229 -1
230 -1
231 -1
232 -1
233 230
234 229
235 231
236 235
237 232
238 237
239 237
240 235
241 234
242 241
243 -1
244 -1
245 -1
246 -1
247 244
248 245
249 243
250 243
251 -1
252 -1
253 -1
254 -1
255 254
256 -1
257 -1
258 -1
259 -1
260 -1
261 -1
262 -1
263 -1
264 -1
265 -1
266 265
267 -1
268 -1
269 268
270 -1
271 -1
272 -1
273 272
274 -1
275 -1
276 -1
277 -1
278 -1
279 -1
280 -1
281 280
282 -1
283 -1
284 -1
285 284
286 -1
287 -1
288 -1
289 -1
290 -1
291 -1
292 288
293 -1
294 -1
295 294
296 295
297 -1
298 296
299 297
300 -1
301 299
302 -1
303 -1
304 -1
305 -1
306 302
307 303
308 306
309 307
310 308
311 307
312 304
313 -1
314 -1
315 -1
316 -1
317 -1
318 -1
319 -1
320 -1
321 -1
322 -1
323 322
324 -1
325 -1
326 -1
327 -1
328 -1
329 -1
330 -1
331 -1
332 -1
333 -1
334 -1
335 -1
336 -1
337 -1
338 -1
339 -1
340 -1
341 -1
342 -1
343 -1
344 -1
345 -1
346 342
347 -1
348 -1
349 -1
350 -1
351 -1
352 -1
353 -1
354 -1
355 -1
356 355
357 -1
358 353
359 354
360 -1
361 -1
362 -1
363 -1
364 -1
365 364
366 -1
367 366
368 362
369 362
370 -1
371 -1
372 -1
373 -1
374 -1
375 -1
376 -1
377 -1
378 377
379 374
380 375
381 377
382 381
383 -1
384 -1
385 -1
386 -1
387 -1
388 -1
389 -1
390 -1
391 390
392 -1
393 389
394 390
395 -1
396 -1
397 -1
398 -1
399 -1
400 -1
401 -1
402 -1
403 -1
404 -1
405 -1
406 -1
407 -1
408 404
409 -1
410 -1
411 -1
412 -1
413 411
414 -1
415 -1
416 -1
417 -1
418 -1
419 -1
420 -1
421 -1
422 -1
423 422
424 -1
425 423
426 -1
427 420
428 426
429 424
430 423
431 429
432 -1
433 -1
434 -1
435 -1
436 -1
437 -1
438 -1
439 -1
440 -1
441 440
442 -1
443 -1
444 -1
445 -1
446 -1
447 -1
448 -1
449 -1
450 -1
451 -1
452 -1
453 -1
454 453
455 -1
456 -1
457 -1
458 -1
459 -1
460 459
461 -1
462 457
463 -1
464 -1
465 -1
466 -1
467 466
468 -1
469 -1
470 -1
471 -1
472 -1
473 -1
474 -1
475 -1
476 -1
477 -1
478 476
479 -1
480 477
481 475
482 481
483 478
484 480
485 484
486 484
487 480
488 479
489 479
490 489
491 482
492 -1
493 -1
494 -1
495 -1
496 -1
497 -1
498 -1
499 -1
500 -1
501 -1
502 -1
503 -1
504 -1
505 -1
506 503
507 504
508 506
509 507
510 505
511 -1
512 511
513 510
514 513
515 502
516 508
517 515
518 -1
519 -1
520 -1
521 -1
522 -1
523 -1
524 -1
525 -1
526 -1
527 -1
528 527
529 -1
530 -1
531 -1
532 -1
533 -1
534 530
535 533
536 534
537 -1
538 -1
539 -1
540 -1
541 -1
542 -1
543 -1
544 543
545 -1
546 -1
547 -1
548 -1
549 -1
550 -1
551 -1
552 -1
553 -1
554 -1
555 -1
556 -1
557 556
558 -1
559 -1
560 -1
561 -1
562 -1
563 -1
564 -1
565 -1
566 -1
567 -1
568 -1
569 -1
570 -1
571 -1
572 -1
573 -1
574 -1
575 -1
576 -1
577 -1
578 -1
579 -1
580 -1
581 -1
582 -1
583 -1
584 -1
585 -1
586 -1
587 -1
588 -1
589 -1
590 -1
591 -1
592 590
593 589
594 592
595 594
596 591
597 -1
598 -1
599 -1
600 -1
601 -1
602 -1
603 -1
604 -1
605 601
606 602
607 603
608 607
609 -1
610 -1
611 610
612 -1
613 -1
614 -1
615 -1
616 -1
617 -1
618 -1
619 -1
620 -1
621 -1
622 -1
623 -1
624 -1
625 -1
626 -1
627 -1
628 -1
629 -1
630 -1
631 -1
632 631
633 -1
634 -1
635 -1
636 -1
637 -1
638 -1
639 -1
640 -1
641 638
642 639
643 640
644 -1
645 641
646 -1
647 -1
648 -1
649 -1
650 649
651 -1
652 -1
653 -1
654 653
655 -1
656 -1
657 -1
658 -1
659 658
660 -1
661 -1
662 -1
663 -1
664 -1
665 -1
666 -1
667 -1
668 -1
669 -1
670 -1
671 -1
672 -1
673 -1
674 -1
675 -1
676 -1
677 -1
678 -1
679 -1
680 678
681 679
682 -1
683 -1
684 -1
685 -1
686 -1
687 -1
688 -1
689 -1
690 -1
691 -1
692 -1
693 -1
694 -1
695 -1
696 -1
697 -1
698 -1
699 -1
700 -1
701 -1
702 -1
703 -1
704 -1
705 -1
706 705
707 -1
708 -1
709 708
710 -1
711 -1
712 -1
713 -1
714 713
715 714
716 -1
717 -1
718 -1
719 -1
720 -1
721 -1
722 -1
723 -1
724 -1
725 -1
726 -1
727 -1
728 -1
729 -1
730 -1
731 -1
732 731
733 -1
734 -1
735 734
736 -1
737 -1
738 -1
739 738
740 -1
741 -1
742 -1
743 -1
744 -1
745 -1
746 745
747 -1
748 747
749 -1
750 -1
751 -1
752 -1
753 -1
754 -1
755 -1
756 -1
757 -1
758 -1
759 -1
760 756
761 757
762 -1
763 -1
764 763
765 -1
766 -1
767 -1
768 -1
769 -1
770 -1
771 -1
772 -1
773 -1
774 -1
775 -1
776 -1
777 -1
778 -1
779 -1
780 -1
781 -1
782 -1
783 -1
784 -1
785 -1
786 -1
787 786
788 -1
789 -1
790 -1
791 -1
792 -1
793 -1
794 -1
795 -1
796 -1
797 -1
798 -1
799 -1
800 -1
801 -1
802 -1
803 -1
804 -1
805 -1
806 -1
807 -1
808 -1
809 -1
810 -1
811 -1
812 -1
813 -1
814 810
815 -1
816 -1
817 816
818 -1
819 -1
820 -1
821 -1
822 -1
823 -1
824 -1
825 -1
826 -1
827 -1
828 -1
829 -1
830 -1
831 -1
832 -1
833 832
834 -1
835 834
836 -1
837 831
838 836
839 833
840 835
841 838
842 839
843 837
844 842
845 844
846 840
847 -1
848 -1
849 -1
850 849
851 -1
852 851
853 -1
854 853
855 -1
856 -1
857 -1
858 857
859 858
860 -1
861 -1
862 -1
863 -1
864 -1
865 -1
866 862
867 863
868 864
869 -1
870 -1
871 870
872 -1
873 -1
874 872
875 873
876 875
877 -1
878 870
879 878
880 874
881 -1
882 -1
883 -1
884 -1
885 -1
886 -1
887 -1
888 -1
889 -1
890 -1
891 -1
892 -1
893 889
894 893
895 890
896 -1
897 -1
898 -1
899 -1
900 899
901 -1
902 -1
903 902
904 -1
905 -1
906 905
907 -1
908 907
909 -1
910 -1
911 -1
912 -1
913 -1
914 913
915 -1
916 -1
917 -1
918 917
919 -1
920 -1
921 -1
922 -1
923 -1
924 -1
925 -1
926 -1
927 -1
928 -1
929 -1
930 -1
931 -1
932 -1
933 -1
934 -1
935 -1
936 932
937 935
938 934
939 937
940 939
941 -1
942 -1
943 -1
944 -1
945 -1
946 -1
947 -1
948 -1
949 -1
950 949
951 -1
952 -1
953 -1
954 953
955 -1
956 -1
957 -1
958 -1
959 -1
960 -1
961 -1
962 960
963 -1
964 963
965 -1
966 -1
967 -1
968 -1
969 968
970 -1
971 -1
972 -1
973 -1
974 -1
975 -1
976 -1
977 -1
978 -1
979 978
980 -1
981 -1
982 980
983 980
984 980
985 981
986 977
987 985
988 986
989 979
990 989
991 -1
992 -1
993 -1
994 -1
995 -1
996 -1
997 -1
998 -1
999 -1
1000 -1
1001 -1
1002 -1
1003 -1
1004 -1
1005 -1
1006 -1
1007 -1
1008 -1
1009 -1
1010 -1
1011 -1
1012 -1
1013 -1
1014 -1
1015 -1
1016 -1
1017 -1
1018 -1
1019 -1
1020 -1
1021 -1
1022 -1
1023 -1
1024 1023
1025 -1
1026 -1
1027 -1
1028 -1
1029 -1
1030 -1
1031 -1
1032 -1
1033 -1
1034 -1
1035 -1
1036 -1
1037 1036
1038 -1
1039 -1
1040 -1
1041 -1
1042 -1
1043 -1
1044 -1
1045 -1
1046 -1
1047 -1
1048 1046
1049 -1
1050 -1
1051 -1
1052 -1
1053 -1
1054 -1
1055 -1
1056 -1
1057 -1
1058 -1
1059 -1
1060 -1
1061 -1
1062 -1
1063 -1
1064 -1
1065 -1
1066 -1
1067 -1
1068 -1
1069 1068
1070 -1
1071 -1
1072 -1
1073 -1
1074 -1
1075 -1
1076 1075
1077 -1
1078 -1
1079 -1
1080 -1
1081 -1
1082 -1
1083 -1
1084 -1
1085 -1
1086 -1
1087 -1
1088 -1
1089 -1
1090 -1
1091 -1
1092 -1
1093 -1
1094 -1
1095 -1
1096 -1
1097 -1
1098 -1
1099 -1
1100 1099
1101 -1
1102 -1
1103 -1
1104 -1
1105 -1
1106 -1
1107 -1
1108 1107
1109 -1
1110 1109
1111 1108
1112 1109
1113 1112
1114 -1
1115 -1
1116 -1
1117 -1
1118 -1
1119 -1
1120 -1
1121 1120
1122 -1
1123 -1
1124 -1
1125 -1
1126 -1
1127 -1
1128 -1
1129 -1
1130 -1
1131 -1
1132 -1
1133 -1
1134 -1
1135 -1
1136 -1
1137 -1
1138 -1
1139 -1
1140 -1
1141 -1
1142 -1
1143 -1
1144 -1
1145 1144
1146 -1
1147 1146
1148 1143
1149 1144
1150 -1
1151 -1
1152 -1
1153 -1
1154 -1
1155 -1
1156 -1
1157 -1
1158 1157
1159 1157
1160 1159
1161 -1
1162 -1
1163 -1
1164 -1
1165 -1
1166 -1
1167 -1
1168 1167
1169 -1
1170 -1
1171 -1
1172 -1
1173 -1
1174 -1
1175 -1
1176 -1
1177 -1
1178 -1
1179 -1
1180 -1
1181 -1
1182 -1
1183 -1
1184 -1
1185 -1
1186 -1
1187 1186
1188 -1
1189 1188
1190 -1
1191 -1
1192 -1
1193 -1
1194 -1
1195 -1
1196 1195
1197 1196
1198 -1
1199 -1
1200 -1
1201 -1
1202 1201
1203 -1
1204 1202
1205 1203
1206 -1
1207 -1
1208 -1
1209 -1
1210 -1
1211 1210
1212 -1
1213 -1
1214 -1
1215 -1
1216 -1
1217 -1
1218 -1
1219 -1
1220 -1
1221 -1
1222 -1
1223 -1
1224 1221
1225 1222
1226 1225
1227 1223
1228 1226
1229 -1
1230 -1
1231 -1
1232 -1
1233 -1
1234 -1
1235 -1
1236 -1
1237 1233
1238 1237
1239 -1
1240 -1
1241 -1
1242 -1
1243 1239
1244 1240
1245 1241
1246 1244
1247 1245
1248 1242
1249 1243
1250 1249
1251 1248
1252 -1
1253 -1
1254 -1
1255 -1
1256 1252
1257 1256
1258 -1
1259 -1
1260 -1
1261 -1
1262 -1
1263 -1
1264 -1
1265 1264
1266 -1
1267 -1
1268 -1
1269 -1
1270 -1
1271 1270
1272 -1
1273 -1
1274 -1
1275 1274
1276 1275
1277 1273
1278 -1
1279 1272
1280 1277
1281 1275
1282 1279
1283 1282
1284 -1
1285 -1
1286 -1
1287 -1
1288 -1
1289 -1
1290 1289
1291 1290
1292 1289
1293 1292
1294 -1
1295 1288
1296 -1
1297 -1
1298 -1
1299 -1
1300 1296
1301 1297
1302 1301
1303 -1
1304 -1
1305 -1
1306 -1
1307 -1
1308 -1
1309 -1
1310 -1
1311 1307
1312 1308
1313 1309
1314 1310
1315 1312
1316 1313
1317 1314
1318 1316
1319 1317
1320 -1
1321 -1
1322 -1
1323 -1
1324 -1
1325 1323
1326 1324
1327 -1
1328 1327
1329 1328
1330 1322
1331 1325
1332 1330
1333 1326
1334 1329
1335 -1
1336 -1
1337 -1
1338 -1
1339 -1
1340 -1
1341 -1
1342 -1
1343 -1
1344 -1
1345 -1
1346 1345
1347 -1
1348 1347
1349 -1
1350 -1
1351 -1
1352 -1
1353 -1
1354 1351
1355 1353
1356 1353
1357 1356
1358 1357
1359 1350
1360 1355
1361 -1
1362 1354
1363 1360
1364 1358
1365 -1
1366 1362
1367 1363
1368 1364
1369 1365
1370 1368
1371 1369
1372 -1
1373 -1
1374 -1
1375 -1
1376 -1
1377 -1
1378 -1
1379 -1
1380 -1
1381 -1
1382 1379
1383 1381
1384 1382
1385 1380
1386 1378
1387 1384
1388 -1
1389 -1
1390 -1
1391 1390
1392 -1
1393 -1
1394 -1
1395 -1
1396 -1
1397 -1
1398 1397
1399 -1
1400 -1
1401 -1
1402 -1
1403 1402
1404 -1
1405 1404
1406 -1
1407 -1
1408 -1
1409 -1
1410 -1
1411 -1
1412 -1
1413 -1
1414 -1
1415 1414
1416 -1
1417 -1
1418 -1
1419 -1
1420 -1
1421 -1
1422 -1
1423 1420
1424 1419
1425 1421
1426 1425
1427 1423
1428 -1
1429 -1
1430 -1
1431 -1
1432 -1
1433 -1
1434 1433
1435 -1
1436 -1
1437 -1
1438 1437
1439 1438
1440 -1
1441 1440
1442 1440
1443 1435
1444 1436
1445 1438
1446 1443
1447 1444
1448 1445
1449 1446
1450 1447
1451 1445
1452 1440
1453 1451
1454 1452
1455 1453
1456 1449
1457 1454
1458 1450
1459 1456
1460 1458
1461 1458
1462 -1
1463 1455
1464 1461
1465 -1
1466 -1
1467 -1
1468 1465
1469 -1
1470 1469
1471 1468
1472 -1
1473 -1
1474 -1
1475 1473
1476 1474
1477 1476
1478 1477
1479 -1
1480 -1
1481 -1
1482 -1
1483 -1
1484 -1
1485 1481
1486 1483
1487 1485
1488 1482
1489 1488
1490 1486
1491 1490
1492 1484
1493 1491
1494 1492
1495 1492
1496 1495
1497 1495
1498 1487
1499 1488
1500 1491
1501 1498
1502 1500
1503 1500
1504 1497
1505 1498
1506 1498
1507 1505
1508 -1
1509 -1
1510 -1
1511 -1
1512 -1
1513 1512
1514 1513
1515 -1
1516 -1
1517 -1
1518 -1
1519 -1
1520 -1
1521 -1
1522 -1
1523 -1
1524 1523
1525 -1
1526 -1
1527 1525
1528 -1
1529 -1
1530 -1
1531 -1
1532 -1
1533 -1
1534 -1
1535 -1
1536 -1
1537 -1
1538 -1
1539 -1
1540 -1
1541 -1
1542 -1
1543 -1
1544 -1
1545 -1
1546 -1
1547 1546
1548 1543
1549 1547
1550 1544
1551 1545
1552 1551
1553 -1
1554 -1
1555 -1
1556 -1
1557 -1
1558 -1
1559 -1
1560 -1
1561 -1
1562 1561
1563 -1
1564 -1
1565 -1
1566 -1
1567 -1
1568 1567
1569 -1
1570 -1
1571 -1
1572 -1
1573 -1
1574 -1
1575 -1
1576 -1
1577 1573
1578 1575
1579 1577
1580 1578
1581 1578
1582 1579
1583 1582
1584 1583
1585 -1
1586 -1
1587 -1
1588 -1
1589 -1
1590 -1
1591 -1
1592 1591
1593 1589
1594 1593
1595 1593
1596 1589
1597 1596
1598 1597
1599 -1
1600 -1
1601 -1
1602 -1
1603 -1
1604 -1
1605 -1
1606 1605
1607 -1
1608 -1
1609 -1
1610 -1
1611 -1
1612 -1
1613 -1
1614 -1
1615 -1
1616 -1
1617 -1
1618 -1
1619 -1
1620 -1
1621 -1
1622 -1
1623 1619
1624 1620
1625 1621
1626 1624
1627 1624
1628 1626
1629 1625
1630 1626
1631 1630
1632 1627
1633 1632
1634 1629
1635 -1
1636 -1
1637 -1
1638 -1
1639 -1
1640 -1
1641 -1
1642 -1
1643 -1
1644 -1
1645 -1
1646 -1
1647 -1
1648 1647
1649 -1
1650 -1
1651 -1
1652 -1
1653 -1
1654 -1
1655 -1
1656 -1
1657 -1
1658 -1
1659 -1
1660 -1
1661 -1
1662 -1
1663 -1
1664 -1
1665 -1
1666 -1
1667 -1
1668 -1
1669 -1
1670 -1
1671 -1
1672 -1
1673 -1
1674 -1
1675 -1
1676 -1
1677 -1
1678 -1
1679 -1
1680 1676
1681 1680
1682 -1
1683 -1
1684 -1
1685 -1
1686 -1
1687 -1
1688 -1
1689 1688
1690 -1
1691 -1
1692 -1
1693 -1
1694 -1
1695 -1
1696 -1
1697 -1
1698 1697
1699 -1
1700 -1
1701 -1
1702 1701
1703 -1
1704 -1
1705 -1
1706 -1
1707 -1
1708 -1
1709 -1
1710 -1
1711 -1
1712 1711
1713 -1
1714 -1
1715 1714
1716 -1
1717 -1
1718 -1
1719 -1
1720 -1
1721 -1
1722 -1
1723 -1
1724 1723
1725 -1
1726 -1
1727 -1
1728 -1
1729 -1
1730 -1
1731 1729
1732 -1
1733 -1
1734 -1
1735 -1
1736 -1
1737 1735
1738 -1
1739 1736
1740 1736
1741 1738
1742 1740
1743 -1
1744 -1
1745 -1
1746 -1
1747 1743
1748 1746
1749 1745
1750 1744
1751 -1
1752 -1
1753 -1
1754 -1
1755 -1
1756 1755
1757 -1
1758 -1
1759 -1
1760 1759
1761 1760
1762 -1
1763 1755
1764 1763
1765 1758
1766 -1
1767 -1
1768 -1
1769 -1
1770 -1
1771 -1
1772 -1
1773 -1
1774 -1
1775 -1
1776 -1
1777 -1
1778 -1
1779 1778
1780 -1
1781 -1
1782 -1
1783 -1
1784 -1
1785 -1
1786 -1
1787 -1
1788 -1
1789 -1
1790 -1
1791 1789
1792 1790
1793 1787
1794 1788
1795 1794
1796 1793
1797 1795
1798 1789
1799 1798
1800 1790
1801 1799
1802 1793
1803 1800
1804 1795
1805 1799
1806 1803
1807 1802
1808 1804
1809 1805
1810 1806
1811 -1
1812 -1
1813 -1
1814 -1
1815 -1
1816 -1
1817 -1
1818 -1
1819 -1
1820 -1
1821 -1
1822 -1
1823 -1
1824 -1
1825 -1
1826 1825
1827 -1
1828 -1
1829 -1
1830 -1
1831 1830
1832 -1
1833 1831
1834 -1
1835 -1
1836 -1
1837 -1
1838 1837
1839 -1
1840 1835
1841 1836
1842 -1
1843 -1
1844 -1
1845 1844
1846 -1
1847 -1
1848 -1
1849 -1
1850 -1
1851 -1
1852 -1
1853 -1
1854 -1
1855 -1
1856 -1
1857 -1
1858 -1
1859 -1
1860 -1
1861 -1
1862 1861
1863 -1
1864 1862
1865 1863
1866 -1
1867 1866
1868 -1
1869 -1
1870 -1
1871 -1
1872 -1
1873 -1
1874 -1
1875 -1
1876 -1
1877 -1
1878 -1
1879 -1
1880 1879
1881 -1
1882 -1
1883 -1
1884 -1
1885 -1
1886 1885
1887 1882
1888 1887
1889 -1
1890 -1
1891 -1
1892 -1
1893 1891
1894 -1
1895 -1
1896 -1
1897 1896
1898 -1
1899 1898
1900 1899
1901 -1
1902 -1
1903 -1
1904 -1
1905 -1
1906 -1
1907 -1
1908 -1
1909 -1
1910 -1
1911 -1
1912 -1
1913 -1
1914 -1
1915 -1
1916 -1
1917 -1
1918 1917
1919 -1
1920 1919
1921 1920
1922 1921
1923 1919
1924 1923
1925 1924
1926 1925
1927 1916
1928 -1
1929 -1
1930 -1
1931 -1
1932 -1
1933 -1
1934 -1
1935 -1
1936 -1
1937 -1
1938 -1
1939 -1
1940 -1
1941 -1
1942 -1
1943 -1
1944 -1
1945 -1
1946 -1
1947 1945
1948 1946
1949 -1
1950 -1
1951 -1
1952 -1
1953 -1
1954 -1
1955 -1
1956 -1
1957 -1
1958 -1
1959 -1
1960 1959
1961 -1
1962 1961
1963 1958
1964 1957
1965 1957
1966 -1
1967 -1
1968 -1
1969 -1
1970 1969
1971 -1
1972 -1
1973 -1
1974 -1
1975 -1
1976 -1
1977 -1
1978 -1
1979 -1
1980 -1
1981 -1
1982 -1
1983 -1
1984 -1
1985 -1
1986 -1
1987 -1
1988 -1
1989 -1
1990 1986
1991 -1
1992 -1
1993 -1
1994 -1
1995 1993
1996 1994
1997 -1
1998 -1
1999 1993
2000 -1
2001 -1
2002 -1
2003 -1
2004 -1
2005 -1
2006 -1
2007 -1
2008 -1
2009 -1
2010 -1
2011 -1
2012 -1
2013 -1
2014 -1
2015 -1
2016 -1
2017 2015
2018 -1
2019 -1
2020 -1
2021 2020
2022 -1
2023 2021
2024 2022
2025 -1
2026 2025
2027 2019
2028 2022
2029 2027
2030 -1
2031 -1
2032 -1
2033 -1
2034 -1
2035 2031
2036 2035
2037 2032
2038 2033
2039 -1
2040 -1
2041 -1
2042 -1
2043 -1
2044 -1
2045 -1
2046 -1
2047 -1
2048 -1
2049 2048
2050 -1
2051 2050
2052 -1
2053 2047
2054 2049
2055 2053
2056 2054
2057 2056
2058 2051
2059 2058
2060 2057
2061 -1
2062 -1
2063 -1
2064 2063
2065 -1
2066 2065
2067 2062
2068 2061
2069 2064
2070 2067
2071 2069
2072 2069
2073 2066
2074 2072
2075 2068
2076 2073
2077 2073
2078 2077
2079 2075
2080 2072
2081 2078
2082 2079
2083 2075
2084 2070
2085 2084
2086 2079
2087 2080
2088 2085
2089 2087
2090 2088
2091 2089
2092 -1
2093 -1
2094 -1
2095 -1
2096 2092
2097 2096
2098 2095
2099 -1
2100 -1
2101 -1
2102 -1
2103 2102
2104 -1
2105 -1
2106 -1
2107 -1
2108 -1
2109 2107
2110 2108
2111 2109
2112 -1
2113 -1
2114 -1
2115 -1
2116 -1
2117 -1
2118 -1
2119 2118
2120 -1
2121 -1
2122 -1
2123 -1
2124 -1
2125 2124
2126 -1
2127 -1
2128 -1
2129 2127
2130 -1
2131 -1
2132 -1
2133 -1
2134 -1
2135 2133
2136 -1
2137 -1
2138 -1
2139 -1
2140 -1
2141 -1
2142 -1
2143 -1
2144 -1
2145 -1
2146 -1
2147 2144
2148 -1
2149 -1
2150 -1
2151 2150
2152 -1
2153 2148
2154 -1
2155 -1
2156 -1
2157 -1
2158 -1
2159 -1
2160 -1
2161 -1
2162 -1
2163 -1
2164 -1
2165 -1
2166 -1
2167 -1
2168 -1
2169 -1
2170 -1
2171 -1
2172 -1
2173 -1
2174 -1
2175 -1
2176 -1
2177 -1
2178 2174
2179 2175
2180 -1
2181 -1
2182 -1
2183 -1
2184 -1
2185 -1
2186 2185
2187 2182
2188 2187
2189 2183
2190 2186
2191 2188
2192 2189
2193 2191
2194 2192
2195 2184
2196 -1
2197 -1
2198 -1
2199 -1
2200 -1
2201 -1
2202 -1
2203 -1
2204 -1
2205 -1
2206 -1
2207 -1
2208 -1
2209 -1
2210 -1
2211 -1
2212 -1
2213 -1
2214 -1
2215 -1
2216 2215
2217 2216
2218 -1
2219 -1
2220 -1
2221 -1
2222 -1
2223 -1
2224 -1
2225 -1
2226 -1
2227 -1
2228 -1
2229 -1
2230 -1
2231 -1
2232 -1
2233 -1
2234 -1
2235 -1
2236 -1
2237 -1
2238 -1
2239 -1
2240 -1
2241 -1
2242 -1
2243 -1
2244 -1
2245 -1
2246 2245
2247 -1
2248 2247
2249 2247
2250 -1
2251 2250
2252 -1
2253 -1
2254 -1
2255 -1
2256 -1
2257 2256
2258 -1
2259 2258
2260 2256
2261 -1
2262 -1
2263 -1
2264 -1
2265 -1
2266 -1
2267 -1
2268 -1
2269 -1
2270 -1
2271 -1
2272 -1
2273 -1
2274 -1
2275 -1
2276 2275
2277 -1
2278 2277
2279 -1
2280 2274
2281 2280
2282 2279
2283 2282
2284 2280
2285 2284
2286 2279
2287 2276
2288 2286
2289 2287
2290 2288
2291 2284
2292 -1
2293 -1
2294 -1
2295 -1
2296 -1
2297 -1
2298 -1
2299 -1
2300 -1
2301 -1
2302 -1
2303 -1
2304 -1
2305 -1
2306 -1
2307 -1
2308 2306
2309 -1
2310 2308
2311 -1
2312 -1
2313 -1
2314 -1
2315 -1
2316 -1
2317 -1
2318 -1
2319 -1
2320 -1
2321 -1
2322 -1
2323 -1
2324 2323
2325 -1
2326 -1
2327 -1
2328 2324
2329 -1
2330 -1
2331 -1
2332 -1
2333 -1
2334 2333
2335 -1
2336 -1
2337 2336
2338 -1
2339 2334
2340 -1
2341 -1
2342 -1
2343 -1
2344 -1
2345 -1
2346 -1
2347 -1
2348 -1
2349 -1
2350 -1
2351 -1
2352 -1
2353 -1
2354 -1
2355 -1
2356 -1
2357 -1
2358 -1
2359 -1
2360 -1
2361 -1
2362 -1
2363 -1
2364 -1
2365 -1
2366 -1
2367 -1
2368 -1
2369 -1
2370 2369
2371 -1
2372 2370
2373 2371
2374 -1
2375 2373
2376 -1
2377 -1
2378 -1
2379 2378
2380 -1
2381 2380
2382 2380
2383 2376
2384 2383
2385 2377
2386 2385
2387 2378
2388 2385
2389 -1
2390 -1
2391 2388
2392 2391
2393 -1
2394 2390
2395 2392
2396 -1
2397 -1
2398 -1
2399 -1
2400 -1
2401 -1
2402 -1
2403 2402
2404 -1
2405 -1
2406 -1
2407 -1
2408 -1
2409 -1
2410 -1
2411 -1
2412 -1
2413 -1
2414 -1
2415 -1
2416 -1
2417 -1
2418 -1
2419 2418
2420 2417
2421 2420
2422 -1
2423 2422
2424 2419
2425 2419
2426 2420
2427 2423
2428 2416
2429 2426
2430 2424
2431 2430
2432 -1
2433 -1
2434 -1
2435 2434
2436 -1
2437 2435
2438 2436
2439 -1
2440 2439
2441 2439
2442 2441
2443 2433
2444 -1
2445 2436
2446 2443
2447 2444
2448 2445
2449 2447
2450 2448
2451 2442
2452 2447
2453 -1
2454 -1
2455 -1
2456 -1
2457 -1
2458 2456
2459 2458
2460 2456
2461 2460
2462 -1
2463 -1
2464 -1
2465 -1
2466 -1
2467 -1
2468 -1
2469 -1
2470 -1
2471 -1
2472 -1
2473 -1
2474 -1
2475 2474
2476 -1
2477 2476
2478 2477
2479 -1
2480 -1
2481 -1
2482 -1
2483 -1
2484 -1
2485 -1
2486 -1
2487 -1
2488 -1
2489 -1
2490 2486
2491 2489
2492 2487
2493 2488
2494 2491
2495 2490
2496 2492
2497 -1
2498 -1
2499 -1
2500 -1
2501 -1
2502 -1
2503 -1
2504 2503
2505 -1
2506 -1
2507 -1
2508 2507
2509 -1
2510 -1
2511 -1
2512 -1
2513 -1
2514 2513
2515 -1
2516 -1
2517 -1
2518 -1
2519 -1
2520 -1
2521 -1
2522 2521
2523 -1
2524 -1
2525 2520
2526 2522
2527 2524
2528 2527
2529 2523
2530 2527
2531 2530
2532 2530
2533 2526
2534 -1
2535 -1
2536 -1
2537 -1
