0 2 2 2 2 2 2 2 2 2 2 
1 0 0 0 0 0 0 0 0 0 0 
2 1 1 1 1 1 1 1 1 1 1 
3 4 4 4 4 4 4 4 4 4 4 
4 1 1 1 1 1 1 1 1 1 1 
5 4 4 4 4 4 4 4 4 4 4 
6 0 0 0 0 0 0 0 0 0 0 
7 0 0 0 0 0 0 0 0 0 0 
8 2 2 2 2 2 2 2 2 2 2 
9 0 0 0 0 0 0 0 0 0 0 
10 2 2 2 2 2 2 2 2 2 2 
11 2 2 2 2 2 2 2 2 2 2 
12 2 2 2 2 2 2 2 2 2 2 
13 0 0 0 0 0 0 0 0 0 0 
14 0 0 0 0 0 0 0 0 0 0 
15 1 1 1 1 1 1 1 1 1 1 
16 1 1 1 1 1 1 1 1 1 1 
17 2 2 2 2 2 2 2 2 2 2 
18 1 1 1 1 1 1 1 1 1 1 
19 1 1 1 1 1 1 1 1 1 1 
20 2 2 2 2 2 2 2 2 2 2 
21 1 1 1 1 1 1 1 1 1 1 
22 0 0 0 0 0 0 0 0 0 0 
23 1 1 1 1 1 1 1 1 1 1 
24 4 4 4 4 4 4 4 4 4 4 
25 4 4 4 4 4 4 4 4 4 4 
26 1 1 1 1 1 1 1 1 1 1 
27 0 0 0 0 0 0 0 0 0 0 
28 2 2 2 2 2 2 2 2 2 2 
29 0 0 0 0 0 0 0 0 0 0 
30 2 2 2 2 2 2 2 2 2 2 
31 1 1 1 1 1 1 1 1 1 1 
32 4 4 4 4 4 4 4 4 4 4 
33 1 1 1 1 1 1 1 1 1 1 
34 4 4 4 4 4 4 4 4 4 4 
35 1 1 1 1 1 1 1 1 1 1 
36 4 4 4 4 4 4 4 4 4 4 
37 0 0 0 0 0 0 0 0 0 0 
38 1 1 1 1 1 1 1 1 1 1 
39 1 1 1 1 1 1 1 1 1 1 
40 0 0 0 0 0 0 0 0 0 0 
41 1 1 1 1 1 1 1 1 1 1 
42 4 4 4 4 4 4 4 4 4 4 
43 4 4 4 4 4 4 4 4 4 4 
44 1 1 1 1 1 1 1 1 1 1 
45 4 4 4 4 4 4 4 4 4 4 
46 4 4 4 4 4 4 4 4 4 4 
47 0 0 0 0 0 0 0 0 0 0 
48 1 1 1 1 1 1 1 1 1 1 
49 0 0 0 0 0 0 0 0 0 0 
50 1 1 1 1 1 1 1 1 1 1 
51 4 4 4 4 4 4 4 4 4 4 
52 1 1 1 1 1 1 1 1 1 1 
53 0 0 0 0 0 0 0 0 0 0 
54 1 1 1 1 1 1 1 1 1 1 
55 4 4 4 4 4 4 4 4 4 4 
56 1 1 1 1 1 1 1 1 1 1 
57 0 0 0 0 0 0 0 0 0 0 
58 0 0 0 0 0 0 0 0 0 0 
59 1 1 1 1 1 1 1 1 1 1 
60 2 2 2 2 2 2 2 2 2 2 
61 4 4 4 4 4 4 4 4 4 4 
62 1 1 1 1 1 1 1 1 1 1 
63 4 4 4 4 4 4 4 4 4 4 
64 4 4 4 4 4 4 4 4 4 4 
65 1 1 1 1 1 1 1 1 1 1 
66 1 1 1 1 1 1 1 1 1 1 
67 1 1 1 1 1 1 1 1 1 1 
68 0 0 0 0 0 0 0 0 0 0 
69 2 2 2 2 2 2 2 2 2 2 
70 2 2 2 2 2 2 2 2 2 2 
71 1 1 1 1 1 1 1 1 1 1 
72 2 2 2 2 2 2 2 2 2 2 
73 0 0 0 0 0 0 0 0 0 0 
74 2 2 2 2 2 2 2 2 2 2 
75 0 0 0 0 0 0 0 0 0 0 
76 1 1 1 1 1 1 1 1 1 1 
77 4 4 4 4 4 4 4 4 4 4 
78 0 0 0 0 0 0 0 0 0 0 
79 4 4 4 4 4 4 4 4 4 4 
80 1 1 1 1 1 1 1 1 1 1 
81 4 4 4 4 4 4 4 4 4 4 
82 1 1 1 1 1 1 1 1 1 1 
83 1 1 1 1 1 1 1 1 1 1 
84 0 0 0 0 0 0 0 0 0 0 
85 2 2 2 2 2 2 2 2 2 2 
86 0 0 0 0 4 0 4 0 0 0 
87 2 2 2 2 2 2 2 2 2 2 
88 2 2 2 2 2 2 2 2 2 2 
89 1 1 1 1 1 1 1 1 1 1 
90 0 0 0 0 0 0 0 0 0 0 
91 1 1 1 1 1 1 1 1 1 1 
92 4 4 4 4 4 4 4 4 4 4 
93 1 1 1 1 1 1 1 1 1 1 
94 1 4 1 1 4 1 1 1 1 1 
95 1 1 1 1 1 1 1 1 1 1 
96 2 2 2 2 2 2 2 2 2 2 
97 1 1 1 1 1 1 1 1 1 1 
98 0 0 0 0 0 0 0 0 0 0 
99 4 4 4 4 4 4 4 4 4 4 
100 1 1 1 1 1 1 1 1 1 1 
101 4 4 4 4 4 4 4 4 4 4 
102 2 2 2 2 2 2 2 2 2 2 
103 1 1 1 1 1 1 1 1 1 1 
104 0 0 0 0 0 0 0 0 0 0 
105 1 1 1 1 1 1 1 1 1 1 
106 2 2 2 2 2 2 2 2 2 2 
107 0 0 0 0 0 0 0 0 0 0 
108 0 0 0 0 0 0 0 0 0 0 
109 2 2 2 2 2 2 2 2 2 2 
110 0 0 0 0 0 0 0 0 0 0 
111 1 1 1 1 1 1 1 1 1 1 
112 4 4 4 4 4 4 4 4 4 4 
113 4 4 4 4 4 4 4 4 4 4 
114 4 4 4 4 4 4 4 4 4 4 
115 2 2 2 2 2 2 2 2 2 2 
116 1 1 1 1 1 1 1 1 1 1 
117 0 0 0 0 0 0 0 0 0 0 
118 2 2 2 2 2 2 2 2 2 2 
119 0 0 0 0 0 0 0 0 0 0 
120 2 2 2 2 2 2 2 2 2 2 
121 0 0 0 0 0 0 0 0 0 0 
122 0 0 0 0 0 0 0 0 0 0 
123 1 1 1 1 1 1 1 1 1 1 
124 4 4 4 4 4 4 4 4 4 4 
125 0 0 0 0 0 0 0 0 0 0 
126 2 2 2 2 2 2 2 2 2 2 
127 0 0 0 0 0 0 0 0 0 0 
128 2 2 2 2 2 2 2 2 2 2 
129 0 0 0 0 0 0 0 0 0 0 
130 1 1 1 1 1 1 1 1 1 1 
131 0 0 0 0 0 0 0 0 0 0 
132 1 1 1 1 1 1 1 1 1 1 
133 1 1 1 1 1 1 1 1 1 1 
134 4 4 4 4 4 4 4 4 4 4 
135 4 4 4 4 4 4 4 4 4 4 
136 1 1 1 1 1 1 1 1 1 1 
137 4 4 4 4 4 4 4 4 4 4 
138 0 0 0 0 0 0 0 0 0 0 
139 2 2 2 2 2 2 2 2 2 2 
140 0 0 0 0 0 0 0 0 0 0 
141 1 1 1 1 1 1 1 1 1 1 
142 2 2 2 2 2 2 2 2 2 2 
143 2 2 2 2 2 2 2 2 2 2 
144 2 2 2 2 2 2 2 2 2 2 
145 0 0 0 0 0 0 0 0 0 0 
146 2 2 2 2 2 2 2 2 2 2 
147 0 0 0 0 0 0 0 0 0 0 
148 0 0 0 0 0 0 0 0 0 0 
149 0 0 0 0 0 0 0 0 0 0 
150 0 0 0 0 0 0 0 0 0 0 
151 4 4 4 4 4 4 4 4 4 4 
152 1 1 1 1 1 1 1 1 1 1 
153 4 4 4 4 4 4 4 4 4 4 
154 1 1 1 1 1 1 1 1 1 1 
155 4 4 4 4 4 4 4 4 4 4 
156 1 1 1 1 1 1 1 1 1 1 
157 0 0 0 0 0 0 0 0 0 0 
158 1 1 1 1 1 1 1 1 1 1 
159 0 0 0 0 0 0 0 0 0 0 
160 4 4 2 2 2 4 2 4 4 4 
161 0 0 0 0 0 0 0 0 0 0 
162 2 2 2 2 2 2 2 2 2 2 
163 0 0 0 0 0 0 0 0 0 0 
164 0 0 0 0 0 0 0 0 0 0 
165 0 0 0 0 0 0 0 0 0 0 
166 1 1 1 1 1 1 1 1 1 1 
167 0 0 0 0 0 0 0 0 0 0 
168 4 4 4 4 4 4 4 4 4 4 
169 2 2 2 2 2 2 2 2 2 2 
170 0 0 0 0 0 0 0 0 0 0 
171 2 2 2 2 2 2 2 2 2 2 
172 2 2 2 2 2 2 2 2 2 2 
173 0 0 0 0 0 0 0 0 0 0 
174 2 2 2 2 2 2 2 2 2 2 
175 1 1 1 1 1 1 1 1 1 1 
176 0 0 0 0 0 0 0 0 0 0 
177 0 0 0 0 0 0 0 0 0 0 
178 1 1 1 1 1 1 1 1 1 1 
179 4 4 4 4 4 4 4 4 4 4 
180 4 4 4 4 4 4 4 4 4 4 
181 1 1 1 1 1 1 1 1 1 1 
182 1 1 1 1 1 1 1 1 1 1 
183 4 4 4 4 4 4 4 4 4 4 
184 4 4 4 4 4 4 4 4 4 4 
185 1 1 1 1 1 1 1 1 1 1 
186 4 4 4 4 4 4 4 4 4 4 
187 1 1 1 1 1 1 1 1 1 1 
188 1 1 1 1 1 1 1 1 1 1 
189 0 0 0 0 0 0 0 0 0 0 
190 1 1 1 1 1 1 1 1 1 1 
191 0 0 0 0 0 0 0 0 0 0 
192 2 2 2 2 2 2 2 2 2 2 
193 2 2 2 2 2 2 2 2 2 2 
194 1 1 1 1 1 1 1 1 1 1 
195 4 4 4 4 4 4 4 4 4 4 
196 1 1 1 1 1 1 1 1 1 1 
197 0 0 0 0 0 0 0 0 0 0 
198 0 0 0 0 0 0 0 0 0 0 
199 2 2 2 2 2 2 2 2 2 2 
200 2 2 2 2 2 2 2 2 2 2 
201 0 0 0 0 0 0 0 0 0 0 
202 2 2 2 2 2 2 2 2 2 2 
203 0 0 0 0 0 0 0 0 0 0 
204 0 0 0 0 0 0 0 0 0 0 
205 2 2 2 2 2 2 2 2 2 2 
206 1 1 1 1 1 1 1 1 1 1 
207 4 4 4 4 4 4 4 4 4 4 
208 1 1 1 1 1 1 1 1 1 1 
209 1 1 1 1 1 1 1 1 1 1 
210 2 2 2 2 2 2 2 2 2 2 
211 0 0 0 0 0 0 0 0 0 0 
212 0 0 0 0 0 0 0 0 0 0 
213 2 2 2 2 2 2 2 2 2 2 
214 0 0 0 0 0 0 0 0 0 0 
215 0 0 0 0 0 0 0 0 0 0 
216 1 1 1 1 1 1 1 1 1 1 
217 2 2 2 2 2 2 2 2 2 2 
218 4 4 4 4 4 4 4 4 4 4 
219 1 1 1 1 1 1 1 1 1 1 
220 1 1 1 1 1 1 1 1 1 1 
221 1 1 1 1 1 1 1 1 1 1 
222 0 0 0 0 0 0 0 0 0 0 
223 1 1 1 1 1 1 1 1 1 1 
224 2 2 2 2 2 2 2 2 2 2 
225 0 0 0 0 0 0 0 0 0 0 
226 2 2 2 2 2 2 2 2 2 2 
227 2 2 2 2 2 2 2 2 2 2 
228 0 0 0 0 0 0 0 0 0 0 
229 1 1 1 1 1 1 1 1 1 1 
230 0 0 0 0 0 0 0 0 0 0 
231 2 2 2 2 2 2 2 2 2 2 
232 0 0 0 0 0 0 0 0 0 0 
233 0 0 0 0 0 0 0 0 0 0 
234 2 2 2 2 2 2 2 2 2 2 
235 2 2 2 2 2 2 2 2 2 2 
236 2 2 2 2 2 2 2 2 2 2 
237 0 0 0 0 0 0 0 0 0 0 
238 0 0 0 0 0 0 0 0 0 0 
239 0 0 0 0 0 0 0 0 0 0 
240 2 2 2 2 2 2 2 2 2 2 
241 2 2 2 2 2 2 2 2 2 2 
242 2 2 2 2 2 2 2 2 2 2 
243 0 0 0 0 0 0 0 0 0 0 
244 2 2 2 2 2 2 2 2 2 2 
245 0 0 0 0 0 0 0 0 0 0 
246 2 2 2 2 2 2 2 2 2 2 
247 2 2 2 2 2 2 2 2 2 2 
248 0 0 0 0 0 0 0 0 0 0 
249 2 2 2 2 2 2 2 2 2 2 
250 0 0 0 0 0 0 0 0 0 0 
251 4 4 4 4 4 4 4 4 4 4 
252 1 1 1 1 1 1 1 1 1 1 
253 2 2 2 2 2 2 2 2 2 2 
254 0 0 0 0 0 0 0 0 0 0 
255 0 0 0 0 0 0 0 0 0 0 
256 0 0 0 0 0 0 0 0 0 0 
257 0 0 0 0 0 0 0 0 0 0 
258 0 0 0 0 0 0 0 0 0 0 
259 2 2 2 2 2 2 2 2 2 2 
260 0 0 0 0 0 0 0 0 0 0 
261 2 2 2 2 2 2 2 2 2 2 
262 0 0 0 0 0 0 0 0 0 0 
263 0 0 0 0 0 0 0 0 0 0 
264 4 4 4 4 4 4 4 4 4 4 
265 1 1 1 1 1 1 1 1 1 1 
266 1 1 1 1 1 1 1 1 1 1 
267 1 1 1 1 1 1 1 1 1 1 
268 4 4 4 4 4 4 4 4 4 4 
269 4 4 4 4 4 4 4 4 4 4 
270 1 1 1 1 1 1 1 1 1 1 
271 1 1 1 1 1 1 1 1 1 1 
272 0 0 0 0 0 0 0 0 0 0 
273 0 0 0 0 0 0 0 0 0 0 
274 2 2 2 2 2 2 2 2 2 2 
275 0 0 0 0 0 0 0 0 0 0 
276 4 4 4 4 4 4 4 4 4 4 
277 1 1 1 1 1 1 1 1 1 1 
278 0 0 0 0 0 0 0 0 0 0 
279 1 1 1 1 1 1 1 1 1 1 
280 4 4 4 4 4 4 4 4 4 4 
281 0 0 0 0 0 0 0 0 0 0 
282 1 1 4 1 1 1 1 1 1 1 
283 2 2 2 2 2 2 2 2 2 2 
284 0 0 0 0 0 0 0 0 0 0 
285 0 0 0 0 0 0 0 0 0 0 
286 1 1 1 1 1 1 1 1 1 1 
287 0 0 0 0 0 0 0 0 0 0 
288 1 1 1 1 1 1 1 1 1 1 
289 4 4 4 4 4 4 4 4 4 4 
290 1 1 1 1 1 1 1 1 1 1 
291 4 4 4 4 4 4 4 4 4 4 
292 1 1 1 1 1 1 1 1 1 1 
293 0 0 0 0 0 0 0 0 0 0 
294 2 2 2 2 2 2 2 2 2 2 
295 2 2 2 2 2 2 2 2 2 2 
296 2 2 2 2 2 2 2 2 2 2 
297 0 0 0 0 0 0 0 0 0 0 
298 2 2 2 2 2 2 2 2 2 2 
299 0 0 0 0 0 0 0 0 0 0 
300 2 2 2 2 2 2 2 2 2 2 
301 0 0 0 0 0 0 0 0 0 0 
302 1 1 1 1 1 1 1 1 1 1 
303 0 0 0 0 0 0 0 0 0 0 
304 2 2 2 2 2 2 2 2 2 2 
305 4 4 4 4 4 4 4 4 4 4 
306 2 2 2 2 2 2 2 2 1 2 
307 0 0 0 0 0 0 0 0 0 0 
308 2 2 2 2 2 2 2 2 2 2 
309 0 0 0 0 0 0 0 0 0 0 
310 2 2 2 2 2 2 2 2 2 2 
311 0 0 0 0 0 0 0 0 0 0 
312 2 2 2 2 2 2 2 2 2 2 
313 1 1 1 1 1 1 1 1 1 1 
314 0 0 0 0 0 0 0 0 0 0 
315 4 4 4 4 4 4 4 4 4 4 
316 2 2 2 2 2 2 2 2 2 2 
317 0 0 0 0 0 0 0 0 0 0 
318 2 2 2 2 2 2 2 2 2 2 
319 4 4 4 4 4 4 4 4 4 4 
320 1 1 1 1 1 1 1 1 1 1 
321 4 4 4 4 4 4 4 4 4 4 
322 1 1 1 1 1 1 1 1 1 1 
323 1 1 1 1 1 1 1 1 1 1 
324 0 0 0 0 0 0 0 0 0 0 
325 4 4 4 4 4 4 4 4 4 4 
326 1 1 1 1 1 1 1 1 1 1 
327 0 0 0 0 0 0 0 0 0 0 
328 1 1 1 1 1 1 1 1 1 1 
329 0 0 0 0 0 0 0 0 0 0 
330 2 2 2 2 2 2 2 2 2 2 
331 0 0 0 0 0 0 0 0 0 0 
332 2 2 2 2 2 2 2 2 2 2 
333 4 4 4 4 4 4 4 4 4 4 
334 4 4 4 4 4 4 4 4 4 4 
335 2 2 2 2 2 2 2 2 2 2 
336 0 0 0 0 0 0 0 0 0 0 
337 2 2 2 2 2 2 2 2 2 2 
338 1 1 1 1 1 1 1 1 1 1 
339 1 1 1 1 1 1 1 1 1 1 
340 1 1 1 1 1 1 1 1 1 1 
341 4 4 4 4 4 4 4 4 4 4 
342 1 1 1 1 1 1 1 1 1 1 
343 4 4 4 4 4 4 4 4 4 4 
344 1 1 1 1 1 1 1 1 1 1 
345 4 4 4 4 4 4 4 4 4 4 
346 1 1 1 1 1 1 1 1 1 1 
347 2 2 2 2 2 2 2 2 2 2 
348 0 0 0 0 0 0 0 0 0 0 
349 0 0 0 0 0 0 0 0 0 0 
350 2 2 2 2 2 2 2 2 2 2 
351 0 0 0 0 0 0 0 0 0 0 
352 1 1 1 1 1 1 1 1 1 1 
353 1 1 1 1 1 1 1 1 1 1 
354 4 4 4 4 4 4 4 4 4 4 
355 1 1 1 1 1 1 1 1 1 1 
356 1 1 1 1 1 1 1 1 1 1 
357 4 4 4 4 4 4 4 4 4 4 
358 1 1 1 1 1 1 1 1 1 1 
359 4 4 4 4 4 4 4 4 4 4 
360 4 4 4 4 4 4 4 4 4 4 
361 1 1 1 1 1 1 1 1 1 1 
362 1 1 1 1 1 1 1 1 1 1 
363 0 0 0 0 0 0 0 0 0 0 
364 2 2 2 2 2 2 2 2 2 2 
365 4 4 4 4 4 4 4 4 4 4 
366 0 0 0 0 0 0 0 0 0 0 
367 0 0 0 0 0 0 0 0 0 0 
368 2 2 2 2 2 2 2 2 2 2 
369 2 2 2 2 2 2 2 2 2 2 
370 0 0 0 0 0 0 0 0 0 0 
371 2 2 2 2 2 2 2 2 2 2 
372 1 1 1 1 1 1 1 1 1 1 
373 2 2 2 2 2 2 2 2 2 2 
374 4 4 4 4 4 4 4 4 4 4 
375 1 1 1 1 1 1 1 1 1 1 
376 0 0 0 0 0 0 0 0 0 0 
377 2 2 2 2 2 2 2 2 2 2 
378 2 2 2 2 2 2 2 2 2 2 
379 0 0 0 0 0 0 0 0 0 0 
380 2 2 2 2 2 2 2 2 2 2 
381 2 2 2 2 2 2 2 2 2 2 
382 2 2 2 2 2 2 2 2 2 2 
383 4 4 4 4 4 4 4 4 4 4 
384 1 1 1 1 1 1 1 1 1 1 
385 4 4 4 4 4 4 4 4 4 4 
386 1 1 1 1 1 1 1 1 1 1 
387 4 4 4 4 4 4 4 4 4 4 
388 1 1 1 1 1 1 1 1 1 1 
389 4 4 4 4 4 4 4 4 4 4 
390 1 1 1 1 1 1 1 1 1 1 
391 1 1 1 1 1 1 1 1 1 1 
392 4 4 4 4 4 4 4 4 4 4 
393 4 4 4 4 4 4 4 4 4 4 
394 1 1 1 1 1 1 1 1 1 1 
395 2 2 2 2 2 2 2 2 2 2 
396 0 0 0 0 0 0 0 0 0 0 
397 0 0 0 0 0 0 0 0 0 0 
398 2 2 2 2 2 2 2 2 2 2 
399 1 1 1 1 1 1 1 1 1 1 
400 1 1 1 1 1 1 1 1 1 1 
401 4 4 4 4 4 4 4 4 4 4 
402 1 1 1 1 1 1 1 1 1 1 
403 4 4 4 4 4 4 4 4 4 4 
404 1 1 1 1 1 1 1 1 1 1 
405 4 4 4 4 4 4 4 4 4 4 
406 1 1 1 1 1 1 1 1 1 1 
407 4 4 4 4 4 4 4 4 4 4 
408 1 1 1 1 1 1 1 1 1 1 
409 1 1 1 1 1 1 1 1 1 1 
410 4 4 4 4 4 4 4 4 4 4 
411 1 1 1 1 1 1 1 1 1 1 
412 4 4 4 4 4 4 4 4 4 4 
413 1 1 1 1 1 1 1 1 1 1 
414 1 1 1 1 1 1 1 1 1 1 
415 1 1 1 1 1 1 1 1 1 1 
416 4 4 4 4 4 4 4 4 4 4 
417 1 1 1 1 1 1 1 1 1 1 
418 4 4 4 4 4 4 4 4 4 4 
419 4 4 4 4 4 4 4 4 4 4 
420 1 1 1 1 1 1 1 1 1 1 
421 4 4 4 4 4 4 4 4 4 4 
422 1 1 1 1 1 1 1 1 1 1 
423 2 2 2 2 2 2 2 2 2 2 
424 0 0 0 0 0 0 0 0 0 0 
425 2 2 2 2 2 2 2 2 2 2 
426 0 0 0 0 0 0 0 0 0 0 
427 2 2 2 2 2 2 2 2 2 2 
428 0 0 0 0 0 0 0 0 0 0 
429 0 0 0 0 0 0 0 0 0 0 
430 2 2 2 2 2 2 2 2 2 2 
431 0 0 0 0 0 0 0 0 0 0 
432 2 2 2 2 2 2 2 2 2 2 
433 0 0 0 0 0 0 0 0 0 0 
434 2 2 2 2 2 2 2 2 2 2 
435 1 1 1 1 1 1 1 1 1 1 
436 1 1 1 1 1 1 1 1 1 1 
437 0 0 0 0 0 0 0 0 0 0 
438 1 1 1 1 1 1 1 1 1 1 
439 4 4 4 4 4 4 4 4 4 4 
440 1 1 1 1 1 1 1 1 1 1 
441 1 1 1 1 1 1 1 1 1 1 
442 4 4 4 4 4 4 4 4 4 4 
443 1 1 1 1 1 1 1 1 1 1 
444 0 0 0 0 0 0 0 0 0 0 
445 2 2 2 2 2 2 2 2 2 2 
446 1 1 1 1 1 1 1 1 1 1 
447 1 1 1 1 1 1 1 1 1 1 
448 0 0 0 0 0 0 0 0 0 0 
449 1 1 1 1 1 1 1 1 1 1 
450 1 1 1 1 1 1 1 1 1 1 
451 1 1 1 1 1 1 1 1 1 1 
452 0 0 0 0 0 0 0 0 0 0 
453 2 2 2 2 2 2 2 2 2 2 
454 2 2 2 2 2 2 2 2 2 2 
455 0 0 0 0 0 0 0 0 0 0 
456 1 1 1 1 1 1 1 1 1 1 
457 0 0 0 0 0 0 0 0 0 0 
458 2 2 2 2 2 2 2 2 2 2 
459 0 0 0 0 0 0 0 0 0 0 
460 0 0 0 0 0 0 0 0 0 0 
461 2 2 2 2 2 2 2 2 2 2 
462 0 0 0 0 0 0 0 0 0 0 
463 2 2 2 2 2 2 2 2 2 2 
464 1 1 1 1 1 1 1 1 1 1 
465 1 1 1 1 1 1 1 1 1 1 
466 0 0 0 0 0 0 0 0 0 0 
467 4 4 4 4 4 4 4 4 4 4 
468 1 1 1 1 1 1 1 1 1 1 
469 0 0 0 0 0 0 0 0 0 0 
470 1 1 1 1 1 1 1 1 1 1 
471 1 1 1 1 1 1 1 1 1 1 
472 4 4 4 4 4 4 4 4 4 4 
473 2 2 2 2 2 2 2 2 2 2 
474 0 0 0 0 0 0 0 0 0 0 
475 1 1 1 1 1 1 1 1 1 1 
476 4 4 4 4 4 4 4 4 4 4 
477 1 1 1 1 1 1 1 1 1 1 
478 4 4 4 4 4 4 4 4 4 4 
479 4 4 4 4 4 4 4 4 4 4 
480 1 1 1 1 1 1 1 1 1 1 
481 1 1 1 1 1 1 1 1 1 1 
482 1 1 1 1 1 1 1 1 1 1 
483 4 4 4 4 4 4 4 4 4 4 
484 1 1 1 1 1 1 1 1 1 1 
485 1 1 1 1 1 1 1 1 1 1 
486 1 1 1 1 1 1 1 1 1 1 
487 1 1 1 1 1 1 1 1 1 1 
488 0 0 0 0 0 0 0 0 0 0 
489 4 4 4 4 4 4 4 4 4 4 
490 4 4 4 4 4 4 4 4 4 4 
491 1 1 1 1 1 1 1 1 1 1 
492 4 4 4 4 4 4 4 4 4 4 
493 0 0 0 0 0 0 0 0 0 0 
494 2 2 2 2 2 2 2 2 2 2 
495 0 0 0 0 0 0 0 0 0 0 
496 2 0 2 2 0 2 2 0 0 0 
497 2 2 2 2 2 2 2 2 2 2 
498 1 1 1 1 1 1 1 1 1 1 
499 4 0 0 4 0 0 4 4 4 0 
500 0 0 0 0 0 0 0 0 0 0 
501 2 2 2 2 2 2 2 2 2 2 
502 2 2 2 2 2 2 2 2 2 2 
503 0 0 0 0 0 0 0 0 0 0 
504 2 2 2 2 2 2 2 2 2 2 
505 0 0 0 0 0 0 0 0 0 0 
506 0 0 0 0 0 0 0 0 0 0 
507 2 2 2 2 2 2 2 2 2 2 
508 0 0 0 0 0 0 0 0 0 0 
509 2 2 2 2 2 2 2 2 2 2 
510 0 0 0 0 0 0 0 0 0 0 
511 1 1 1 1 1 1 1 1 1 1 
512 2 2 2 2 2 2 2 2 2 2 
513 0 0 0 0 0 0 0 0 0 0 
514 0 0 0 0 0 0 0 0 0 0 
515 2 2 2 2 2 2 2 2 2 2 
516 0 0 0 0 0 0 0 0 0 0 
517 2 2 2 2 2 2 2 2 2 2 
518 4 4 4 4 4 4 4 4 4 4 
519 1 1 1 1 1 1 1 1 1 1 
520 0 0 0 0 0 0 0 0 0 0 
521 2 2 2 2 2 2 2 2 2 2 
522 2 2 2 2 2 2 2 2 2 2 
523 4 4 4 4 4 4 4 4 4 4 
524 1 1 1 1 1 1 1 1 1 1 
525 2 2 2 2 2 2 2 2 2 2 
526 1 1 1 1 1 1 1 1 1 1 
527 4 4 4 4 4 4 4 4 4 4 
528 4 4 4 4 4 4 4 4 4 4 
529 1 1 1 1 1 1 1 1 1 1 
530 2 2 2 2 2 2 2 2 2 2 
531 0 0 0 0 0 0 0 0 0 0 
532 2 2 2 2 2 2 2 2 2 2 
533 0 0 0 0 0 0 0 0 0 0 
534 2 2 2 2 2 2 2 2 2 2 
535 0 0 0 0 0 0 0 0 0 0 
536 2 2 2 2 2 2 2 2 2 2 
537 1 1 1 1 1 1 1 1 1 1 
538 4 4 4 4 4 4 4 4 4 4 
539 1 1 1 1 1 1 1 1 1 1 
540 2 2 2 2 2 2 2 2 2 2 
541 0 0 0 0 0 0 0 0 0 0 
542 0 0 0 0 0 0 0 0 0 0 
543 2 2 2 2 2 2 2 2 2 2 
544 2 2 2 2 2 2 2 2 2 2 
545 1 1 1 1 1 1 1 1 1 1 
546 0 0 0 0 0 0 0 0 0 0 
547 1 1 1 1 1 1 1 1 1 1 
548 1 1 1 1 1 1 1 1 1 1 
549 0 0 0 0 0 0 0 0 0 0 
550 4 4 4 4 4 4 4 4 4 4 
551 1 1 1 1 1 1 1 1 1 1 
552 2 2 2 2 2 2 2 2 2 2 
553 1 1 1 1 1 1 1 1 1 1 
554 4 4 4 4 4 4 4 4 4 4 
555 1 1 1 1 1 1 1 1 1 1 
556 4 4 4 4 4 4 4 4 4 4 
557 4 4 4 4 4 4 4 4 4 4 
558 1 1 1 1 1 1 1 1 1 1 
559 1 1 1 1 1 1 1 1 1 1 
560 4 4 4 4 4 4 4 4 4 4 
561 1 1 1 1 1 1 1 1 1 1 
562 0 0 0 0 0 0 0 0 0 0 
563 4 4 4 4 4 4 4 4 4 4 
564 4 4 4 4 4 4 4 4 4 4 
565 1 1 1 1 1 1 1 1 1 1 
566 4 4 4 4 4 4 4 4 4 4 
567 1 1 1 1 1 1 1 1 1 1 
568 0 0 0 0 0 0 0 0 0 0 
569 1 1 1 1 1 1 1 1 1 1 
570 4 4 4 4 4 4 4 4 4 4 
571 4 4 4 4 4 4 4 4 4 4 
572 1 1 1 1 1 1 1 1 1 1 
573 0 0 0 0 0 0 0 0 0 0 
574 4 4 4 4 4 4 4 4 4 4 
575 1 1 1 1 1 1 1 1 1 1 
576 4 4 4 4 4 4 4 4 4 4 
577 1 1 1 1 1 1 1 1 1 1 
578 0 0 0 0 0 0 0 0 0 0 
579 2 2 2 2 2 2 2 2 2 2 
580 1 1 1 1 1 1 1 1 1 1 
581 1 1 1 1 1 1 1 1 1 1 
582 4 4 4 4 4 4 4 4 4 4 
583 2 2 2 2 2 2 2 2 2 2 
584 1 1 1 1 1 1 1 1 1 1 
585 0 0 0 0 0 0 0 0 0 0 
586 0 0 0 0 0 0 0 0 0 0 
587 4 4 4 4 4 4 4 4 4 4 
588 1 1 1 1 1 1 1 1 1 1 
589 4 4 4 4 4 4 4 4 4 4 
590 1 1 1 1 1 1 1 1 1 1 
591 0 0 0 0 0 0 0 0 0 0 
592 1 1 1 1 1 1 1 1 1 1 
593 4 4 4 4 4 4 4 4 4 4 
594 1 1 1 1 1 1 1 1 1 1 
595 1 1 1 1 1 1 1 1 1 1 
596 0 0 0 0 0 0 0 0 0 0 
597 2 2 2 2 2 2 2 2 2 2 
598 1 1 1 1 1 1 1 1 1 1 
599 0 0 0 0 0 0 0 0 0 0 
600 2 2 2 2 2 2 2 2 2 2 
601 1 1 1 1 1 1 1 1 1 1 
602 4 4 4 4 4 4 4 4 4 4 
603 1 1 1 1 1 1 1 1 1 1 
604 4 4 4 4 4 4 4 4 4 4 
605 1 1 1 1 1 1 1 1 1 1 
606 4 4 4 4 4 4 4 4 4 4 
607 1 1 1 1 1 1 1 1 1 1 
608 1 1 1 1 1 1 1 1 1 1 
609 0 0 0 0 0 0 0 0 0 0 
610 2 2 2 2 2 2 2 2 2 2 
611 2 2 2 2 2 2 2 2 2 2 
612 0 0 0 0 0 0 0 0 0 0 
613 2 2 2 2 2 2 2 2 2 2 
614 1 1 1 1 1 1 1 1 1 1 
615 1 1 1 1 1 1 1 1 1 1 
616 1 1 1 1 1 1 1 1 1 1 
617 4 4 4 4 4 4 4 4 4 4 
618 1 1 1 1 1 1 1 1 1 1 
619 1 1 1 1 1 1 1 1 1 1 
620 0 0 0 0 0 0 0 0 0 0 
621 1 1 1 1 1 1 1 1 1 1 
622 1 1 1 1 1 1 1 1 1 1 
623 4 4 4 4 4 4 4 4 4 4 
624 1 1 1 1 1 1 1 1 1 1 
625 0 0 0 0 0 0 0 0 0 0 
626 2 2 2 2 2 2 2 2 2 2 
627 4 4 4 4 4 4 4 4 4 4 
628 0 0 0 0 0 0 0 0 0 0 
629 2 2 2 2 2 2 2 2 2 2 
630 2 2 2 2 2 2 2 2 2 2 
631 0 0 0 0 0 0 0 0 0 0 
632 0 0 0 0 0 0 0 0 0 0 
633 1 1 1 1 1 1 1 1 1 1 
634 4 4 4 4 4 4 4 4 4 4 
635 1 1 1 1 1 1 1 1 1 1 
636 4 4 4 4 4 4 4 4 4 4 
637 4 4 4 4 4 4 4 4 4 4 
638 1 1 1 1 1 1 1 1 1 1 
639 4 4 4 4 4 4 4 4 4 4 
640 1 1 1 1 1 1 1 1 1 1 
641 1 1 1 1 1 1 1 1 1 1 
642 4 4 4 4 4 4 4 4 4 4 
643 1 1 1 1 1 1 1 1 1 1 
644 4 4 4 4 4 4 4 4 4 4 
645 1 1 1 1 1 1 1 1 1 1 
646 1 1 1 1 1 1 1 1 1 1 
647 4 4 1 4 1 4 1 4 0 4 
648 0 0 0 0 0 0 0 0 0 0 
649 2 2 2 2 2 2 2 2 2 2 
650 2 2 2 2 2 2 2 2 2 2 
651 1 1 1 1 1 1 1 1 1 1 
652 4 4 4 4 4 4 4 4 4 4 
653 1 1 1 1 1 1 1 1 1 1 
654 1 1 1 1 1 1 1 1 1 1 
655 4 4 4 4 4 4 4 4 4 4 
656 1 1 1 1 1 1 1 1 1 1 
657 1 1 1 1 1 1 1 1 1 1 
658 0 0 0 0 0 0 0 0 0 0 
659 4 4 4 4 4 4 4 4 4 4 
660 2 2 2 2 2 2 2 2 2 2 
661 2 2 2 2 2 2 2 2 2 2 
662 1 1 1 1 1 1 1 1 1 1 
663 1 1 1 1 1 1 1 1 1 1 
664 0 0 0 0 0 0 0 0 0 0 
665 1 1 1 1 1 1 1 1 1 1 
666 4 4 4 4 4 4 4 4 4 4 
667 0 0 0 0 0 0 0 0 0 0 
668 2 2 2 2 2 2 2 2 2 2 
669 4 4 4 4 4 4 4 4 4 4 
670 1 1 1 1 1 1 1 1 1 1 
671 0 0 0 0 0 0 0 0 0 0 
672 2 2 2 2 2 2 2 2 2 2 
673 4 4 4 4 4 4 4 4 4 4 
674 0 0 0 0 0 0 0 0 0 0 
675 1 1 1 1 1 1 1 1 1 1 
676 0 0 0 0 0 0 0 0 0 0 
677 2 2 2 2 2 2 2 2 2 2 
678 0 0 0 0 0 0 0 0 0 0 
679 2 2 2 2 2 2 2 2 2 2 
680 0 0 0 0 0 0 0 0 0 0 
681 2 2 2 2 2 2 2 2 2 2 
682 1 1 1 1 1 1 1 1 1 1 
683 4 4 4 4 4 4 4 4 4 4 
684 1 1 1 1 1 1 1 1 1 1 
685 0 0 0 0 0 0 0 0 0 0 
686 2 2 2 2 2 2 2 2 2 2 
687 0 0 0 0 0 0 0 0 0 0 
688 0 0 0 0 0 0 0 0 0 0 
689 1 1 1 1 1 1 1 1 1 1 
690 4 4 4 4 4 4 4 4 4 4 
691 1 1 1 1 1 1 1 1 1 1 
692 0 0 0 0 0 0 0 0 0 0 
693 1 1 1 1 1 1 1 1 1 1 
694 2 2 2 2 2 2 2 2 2 2 
695 0 0 0 0 0 0 0 0 0 0 
696 0 0 0 0 0 0 0 0 0 0 
697 0 0 0 0 0 0 0 0 0 0 
698 1 1 1 1 1 1 1 1 1 1 
699 0 0 0 0 0 0 0 0 0 0 
700 1 1 1 1 1 1 1 1 1 1 
701 1 1 1 1 1 1 1 1 1 1 
702 1 1 1 1 1 1 1 1 1 1 
703 4 4 4 4 4 4 4 4 4 4 
704 1 1 1 1 1 1 1 1 1 1 
705 4 4 4 4 4 4 4 4 4 4 
706 4 4 4 4 4 4 4 4 4 4 
707 4 4 4 4 4 4 4 4 4 4 
708 1 1 1 1 1 1 1 1 1 1 
709 1 1 1 1 1 1 1 1 1 1 
710 0 0 0 0 0 0 0 0 0 0 
711 1 1 1 1 1 1 1 1 1 1 
712 4 4 4 4 4 4 4 4 4 4 
713 1 1 1 1 1 1 1 1 1 1 
714 1 1 1 1 1 1 1 1 1 1 
715 1 1 1 1 1 1 1 1 1 1 
716 0 0 0 0 0 0 0 0 0 0 
717 1 1 1 1 1 1 1 1 1 1 
718 0 0 0 0 0 0 0 0 0 0 
719 1 1 1 1 1 1 1 1 1 1 
720 4 4 4 4 4 4 4 4 4 4 
721 1 1 1 1 1 1 1 1 1 1 
722 2 2 2 2 2 2 2 2 2 2 
723 0 0 0 0 0 0 0 0 0 0 
724 2 2 2 2 2 2 2 2 2 2 
725 2 2 2 2 2 2 2 2 2 2 
726 0 0 0 0 0 0 0 0 0 0 
727 1 1 1 1 1 1 1 1 1 1 
728 2 2 2 2 2 2 2 2 2 2 
729 0 0 0 0 0 0 0 0 0 0 
730 1 1 1 1 1 1 1 1 1 1 
731 0 0 0 0 0 0 0 0 0 0 
732 0 0 0 0 0 0 0 0 0 0 
733 2 2 2 2 2 2 2 2 2 2 
734 4 4 4 4 4 4 4 4 4 4 
735 4 4 4 4 4 4 4 4 4 4 
736 1 1 1 1 1 1 1 1 1 1 
737 0 0 0 0 0 0 0 0 0 0 
738 2 2 2 2 2 2 2 2 2 2 
739 2 2 2 2 2 2 2 2 2 2 
740 4 4 4 4 4 4 4 4 4 4 
741 1 1 1 1 1 1 1 1 1 1 
742 2 2 2 2 2 2 2 2 2 2 
743 0 0 0 0 0 0 0 0 0 0 
744 2 2 2 2 2 2 2 2 2 2 
745 0 0 0 0 0 0 0 0 0 0 
746 0 0 0 0 0 0 0 0 0 0 
747 2 2 2 2 2 2 2 2 2 2 
748 2 2 2 2 2 2 2 2 2 2 
749 1 1 1 1 1 1 1 1 1 1 
750 4 4 4 4 4 4 4 4 4 4 
751 1 1 1 1 1 1 1 1 1 1 
752 4 4 4 4 4 4 4 4 4 4 
753 1 1 1 1 1 1 1 1 1 1 
754 1 1 1 1 1 1 1 1 1 1 
755 4 4 4 4 4 4 4 4 4 4 
756 4 4 4 4 4 4 4 4 4 4 
757 1 1 1 1 1 1 1 1 1 1 
758 0 0 0 0 0 0 0 0 0 0 
759 2 2 2 2 2 2 2 2 2 2 
760 0 0 0 0 0 0 0 0 0 0 
761 2 2 2 2 2 2 2 2 2 2 
762 4 4 4 4 4 4 4 4 4 4 
763 1 1 1 1 1 1 1 1 1 1 
764 1 1 1 1 1 1 1 1 1 1 
765 4 4 4 4 4 4 4 4 4 4 
766 4 4 4 4 4 4 4 4 4 4 
767 0 0 0 0 0 0 0 0 0 0 
768 1 1 1 1 1 1 1 1 1 1 
769 4 4 4 4 4 4 4 4 4 4 
770 4 4 4 4 4 4 4 4 4 4 
771 0 0 0 0 0 0 0 0 0 0 
772 2 2 2 2 2 2 2 2 2 2 
773 0 0 0 0 0 0 0 0 0 0 
774 4 4 4 4 4 4 4 4 4 4 
775 1 1 1 1 1 1 1 1 1 1 
776 4 4 4 4 4 4 4 4 4 4 
777 1 1 1 1 1 1 1 1 1 1 
778 1 1 1 1 1 1 1 1 1 1 
779 1 1 1 1 1 1 1 1 1 1 
780 0 0 0 0 0 0 0 0 0 0 
781 1 1 1 1 1 1 1 1 1 1 
782 1 1 1 1 1 1 1 1 1 1 
783 0 0 0 0 0 0 0 0 0 0 
784 2 2 2 2 2 2 2 2 2 2 
785 4 0 0 0 4 0 0 0 4 4 
786 1 1 1 1 1 1 1 1 1 1 
787 1 1 1 1 1 1 1 1 1 1 
788 1 1 1 1 1 1 1 1 1 1 
789 0 0 0 0 0 0 0 0 0 0 
790 2 2 2 2 2 2 2 2 2 2 
791 2 2 2 2 2 2 2 2 2 2 
792 4 4 4 4 4 4 4 4 4 4 
793 2 2 2 2 2 2 2 2 2 2 
794 1 1 1 1 1 1 1 1 1 1 
795 0 0 0 0 0 0 0 0 0 0 
796 2 2 2 2 2 2 2 2 2 2 
797 0 0 0 0 0 0 0 0 0 0 
798 2 2 2 2 2 2 2 2 2 2 
799 0 0 0 0 0 0 0 0 0 0 
800 1 1 1 1 1 1 1 1 1 1 
801 1 1 1 1 1 1 1 1 1 1 
802 0 0 0 0 0 0 0 0 0 0 
803 2 2 2 2 2 2 2 2 2 2 
804 0 0 0 0 0 0 0 0 0 0 
805 0 0 0 0 0 0 0 0 0 0 
806 4 4 4 4 4 4 4 4 4 4 
807 2 2 2 2 2 2 2 2 2 2 
808 4 4 4 4 4 4 4 4 4 4 
809 0 0 0 0 0 0 0 0 0 0 
810 1 1 1 1 1 1 1 1 1 1 
811 4 4 4 4 4 4 4 4 4 4 
812 1 1 1 1 1 1 1 1 1 1 
813 0 0 0 0 0 0 0 0 0 0 
814 2 2 2 2 2 2 2 2 2 2 
815 1 1 1 1 1 1 1 1 1 1 
816 0 0 0 0 0 0 0 0 0 0 
817 4 4 4 4 4 4 4 4 4 4 
818 1 1 1 1 1 1 1 1 1 1 
819 1 1 1 1 1 1 1 1 1 1 
820 0 0 0 0 0 0 0 0 0 0 
821 2 2 2 2 2 2 2 2 2 2 
822 0 0 0 0 0 0 0 0 0 0 
823 2 2 2 2 2 2 2 2 2 2 
824 4 4 4 4 4 4 4 4 4 4 
825 1 1 1 1 1 1 1 1 1 1 
826 4 4 4 4 4 4 4 4 4 4 
827 1 1 1 1 1 1 1 1 1 1 
828 1 1 1 1 1 1 1 1 1 1 
829 1 1 1 1 1 1 1 1 1 1 
830 1 1 1 1 1 1 1 1 1 1 
831 0 0 0 0 0 0 0 0 0 0 
832 2 2 2 2 2 2 2 2 2 2 
833 2 2 2 2 2 2 2 2 2 2 
834 0 0 0 0 0 0 0 0 0 0 
835 0 0 0 0 0 0 0 0 0 0 
836 2 2 2 2 2 2 2 2 2 2 
837 0 0 0 0 0 0 0 0 0 0 
838 2 2 2 2 2 2 2 2 2 2 
839 2 2 2 2 2 2 2 2 2 2 
840 0 0 0 0 0 0 0 0 0 0 
841 2 2 2 2 2 2 2 2 2 2 
842 2 2 2 2 2 2 2 2 2 2 
843 0 0 0 0 0 0 0 0 0 0 
844 2 2 2 2 2 2 2 2 2 2 
845 2 2 2 2 2 2 2 2 2 2 
846 0 0 0 0 0 0 0 0 0 0 
847 0 0 0 0 0 0 0 0 0 0 
848 0 0 0 0 0 0 0 0 0 0 
849 2 2 2 2 2 2 2 2 2 2 
850 2 2 2 2 2 2 2 2 2 2 
851 0 0 0 0 0 0 0 0 0 0 
852 0 0 0 0 0 0 0 0 0 0 
853 1 1 1 1 1 1 1 1 1 1 
854 1 1 1 1 1 1 1 1 1 1 
855 4 4 4 4 4 4 4 4 4 4 
856 2 2 2 2 2 2 2 2 2 2 
857 0 0 0 0 0 0 0 0 0 0 
858 0 0 0 0 0 0 0 0 0 0 
859 0 0 0 0 0 0 0 0 0 0 
860 2 2 2 2 2 2 2 2 2 2 
861 0 0 0 0 0 0 0 0 0 0 
862 1 1 1 1 1 1 1 1 1 1 
863 0 0 0 0 0 0 0 0 0 0 
864 2 2 2 2 2 2 2 2 2 2 
865 0 0 0 0 0 0 0 0 0 0 
866 2 2 2 2 2 2 2 2 2 2 
867 0 0 0 0 0 0 0 0 0 0 
868 2 2 2 2 2 2 2 2 2 2 
869 2 2 2 2 2 2 2 2 2 2 
870 4 4 4 4 4 4 4 4 4 4 
871 4 4 4 4 4 4 4 4 4 4 
872 1 1 1 1 1 1 1 1 1 1 
873 0 0 0 0 0 0 0 0 0 0 
874 1 1 1 1 1 1 1 1 1 1 
875 0 0 0 0 0 0 0 0 0 0 
876 4 4 4 4 4 4 4 4 4 4 
877 1 1 1 1 1 1 1 1 1 1 
878 4 4 4 4 4 4 4 4 4 4 
879 0 0 0 0 0 0 0 0 0 0 
880 2 2 2 2 2 2 2 2 2 2 
881 2 2 2 2 2 2 2 2 2 2 
882 0 0 0 0 0 0 0 0 0 0 
883 0 0 0 0 0 0 0 0 0 0 
884 4 4 4 4 4 4 4 4 4 4 
885 0 0 0 0 0 0 0 0 0 0 
886 0 0 0 0 0 0 0 0 0 0 
887 4 4 4 4 4 4 4 4 4 4 
888 1 1 1 1 1 1 1 1 1 1 
889 4 4 4 4 4 4 4 4 4 4 
890 1 1 1 1 1 1 1 1 1 1 
891 4 4 4 4 4 4 4 4 4 4 
892 1 1 1 1 1 1 1 1 1 1 
893 4 4 4 4 4 4 4 4 4 4 
894 0 0 0 0 0 0 0 0 0 0 
895 2 2 2 2 2 2 2 2 2 2 
896 1 1 1 1 1 1 1 1 1 1 
897 4 4 4 4 4 4 4 4 4 4 
898 1 1 1 1 1 1 1 1 1 1 
899 4 4 4 4 4 4 4 4 4 4 
900 4 4 4 4 4 4 4 4 4 4 
901 1 1 1 1 1 1 1 1 1 1 
902 4 4 4 4 4 4 4 4 4 4 
903 4 4 4 4 4 4 4 4 4 4 
904 2 2 2 2 2 2 2 2 2 2 
905 0 0 0 0 0 0 0 0 0 0 
906 0 0 0 0 0 0 0 0 0 0 
907 2 2 2 2 2 2 2 2 2 2 
908 2 2 2 2 2 2 2 2 2 2 
909 4 4 0 4 0 0 0 4 4 4 
910 1 1 1 1 1 1 1 1 1 1 
911 1 1 1 1 1 1 1 1 1 1 
912 4 4 4 4 4 4 4 4 4 4 
913 1 1 1 1 1 1 1 1 1 1 
914 1 1 1 1 1 1 1 1 1 1 
915 4 4 4 4 4 4 4 4 4 4 
916 1 1 1 1 1 1 1 1 1 1 
917 4 4 4 4 4 4 4 4 4 4 
918 0 0 0 0 0 0 0 0 0 0 
919 0 0 0 0 0 0 0 0 0 0 
920 4 4 4 4 4 4 4 4 4 4 
921 1 1 1 1 1 1 1 1 1 1 
922 4 4 4 4 4 4 4 4 4 4 
923 4 4 4 4 4 4 4 4 4 4 
924 1 1 1 1 1 1 1 1 1 1 
925 2 2 2 2 2 2 2 2 2 2 
926 0 0 0 0 0 0 0 0 0 0 
927 2 2 2 2 2 2 2 2 2 2 
928 1 1 1 1 1 1 1 1 1 1 
929 4 4 4 4 4 4 4 4 4 4 
930 2 2 2 2 2 2 2 2 2 2 
931 4 4 4 4 4 4 4 4 4 4 
932 2 2 2 2 2 2 2 2 2 2 
933 0 0 0 0 0 0 0 0 0 0 
934 2 2 2 2 2 2 2 2 2 2 
935 0 0 0 0 0 0 0 0 0 0 
936 2 2 2 2 2 2 2 2 2 2 
937 0 0 0 0 0 0 0 0 0 0 
938 2 2 2 2 2 2 2 2 2 2 
939 0 0 0 0 0 0 0 0 0 0 
940 0 0 0 0 0 0 0 0 0 0 
941 4 4 4 4 4 4 4 4 4 4 
942 1 1 1 1 1 1 1 1 1 1 
943 4 4 4 4 4 4 4 4 4 4 
944 2 1 1 1 1 1 1 1 1 1 
945 1 1 1 1 1 1 1 1 1 1 
946 0 0 0 0 0 0 0 0 0 0 
947 4 4 4 4 4 4 4 4 4 4 
948 4 4 4 4 4 4 4 4 4 4 
949 1 1 1 1 1 1 1 1 1 1 
950 1 1 1 1 1 1 1 1 1 1 
951 1 1 1 1 1 1 1 1 1 1 
952 4 4 4 4 4 4 4 4 4 4 
953 1 1 1 1 1 1 1 1 1 1 
954 1 1 1 1 1 1 1 1 1 1 
955 0 0 0 0 0 0 0 0 0 0 
956 2 2 2 2 2 2 2 2 2 2 
957 4 4 4 4 4 4 4 4 4 4 
958 1 1 1 1 1 1 1 1 1 1 
959 0 0 0 0 0 0 0 0 0 0 
960 4 4 4 4 4 4 4 4 4 4 
961 2 2 2 2 2 2 2 2 2 2 
962 0 0 0 0 0 0 0 0 0 0 
963 2 2 2 2 2 2 2 2 2 2 
964 2 2 2 2 2 2 2 2 2 2 
965 0 0 0 0 0 0 0 0 0 0 
966 1 1 1 1 1 1 1 1 1 1 
967 1 1 1 1 1 1 1 1 1 1 
968 4 4 4 4 4 4 4 4 4 4 
969 0 0 0 0 0 0 0 0 0 0 
970 1 1 1 1 1 1 1 1 1 1 
971 4 4 4 4 4 4 4 4 4 4 
972 1 1 1 1 1 1 1 1 1 1 
973 4 4 4 4 4 4 4 4 4 4 
974 1 1 1 1 1 1 1 1 1 1 
975 2 2 2 2 2 2 2 2 2 2 
976 2 2 2 2 2 2 2 2 2 2 
977 2 2 2 2 2 2 2 2 2 2 
978 0 0 0 4 4 0 0 0 0 0 
979 0 0 0 0 0 0 0 0 0 0 
980 2 2 2 2 2 2 2 2 2 2 
981 0 0 0 0 0 0 0 0 0 0 
982 2 2 2 2 2 2 2 2 2 2 
983 2 2 2 2 2 2 2 2 2 2 
984 2 2 2 2 2 2 2 2 2 2 
985 0 0 0 0 0 0 0 0 0 0 
986 2 2 2 2 2 2 2 2 2 2 
987 0 0 0 0 0 0 0 0 0 0 
988 2 2 2 2 2 2 2 2 2 2 
989 0 0 0 0 0 0 0 0 0 0 
990 2 2 2 2 2 2 2 2 2 2 
991 0 0 0 0 0 0 0 0 0 0 
992 2 2 2 2 2 2 2 2 2 2 
993 0 0 0 0 0 0 0 0 0 0 
994 2 2 2 2 2 2 2 2 2 2 
995 0 0 0 0 0 0 0 0 0 0 
996 0 0 0 0 0 0 0 0 0 0 
997 4 4 4 4 4 4 4 4 4 4 
998 4 4 4 4 4 4 4 4 4 4 
999 2 2 2 2 2 2 2 2 2 2 
1000 2 2 2 2 2 2 2 2 2 2 
1001 0 0 0 0 0 0 0 0 0 0 
1002 4 4 4 4 4 4 4 4 4 4 
1003 4 4 4 4 4 4 4 4 4 4 
1004 4 4 4 4 4 4 4 4 4 4 
1005 4 4 4 4 4 4 4 4 4 4 
1006 1 1 1 1 1 1 1 1 1 1 
1007 4 4 4 4 4 4 4 4 4 4 
1008 2 2 2 2 2 2 2 2 2 2 
1009 0 0 0 0 0 0 0 0 0 0 
1010 2 2 2 2 2 2 2 2 2 2 
1011 0 0 0 0 0 0 0 0 0 0 
1012 4 4 4 4 4 4 4 4 4 4 
1013 1 1 1 1 1 1 1 1 1 1 
1014 4 4 4 4 4 4 4 4 4 4 
1015 2 2 2 2 2 2 2 2 2 2 
1016 0 0 0 0 0 0 0 0 0 0 
1017 1 1 1 1 1 1 1 1 1 1 
1018 4 4 4 4 4 4 4 4 4 4 
1019 0 0 0 0 0 0 0 0 0 0 
1020 1 1 1 1 1 1 1 1 1 1 
1021 4 4 4 4 4 4 4 4 4 4 
1022 1 1 1 1 1 1 1 1 1 1 
1023 4 4 4 4 4 4 4 4 4 4 
1024 0 0 0 0 0 0 0 0 0 0 
1025 4 4 4 4 4 4 4 4 4 4 
1026 1 1 1 1 1 1 1 1 1 1 
1027 2 2 2 2 2 2 2 2 2 2 
1028 1 1 1 1 1 1 1 1 1 1 
1029 1 1 1 1 1 1 1 1 1 1 
1030 2 2 2 2 2 2 2 2 2 2 
1031 1 1 1 1 1 1 1 1 1 1 
1032 4 4 4 4 4 4 4 4 4 4 
1033 1 1 2 1 1 1 1 1 1 1 
1034 4 4 4 4 4 4 4 4 4 4 
1035 0 0 0 0 0 0 0 0 0 0 
1036 2 2 2 2 2 2 2 2 2 2 
1037 2 2 2 2 2 2 2 2 2 2 
1038 0 0 0 0 0 0 0 0 0 0 
1039 4 4 4 4 4 4 4 4 4 4 
1040 1 1 1 1 1 1 1 1 1 1 
1041 1 1 1 1 1 1 1 1 1 1 
1042 4 4 4 4 4 4 4 4 4 4 
1043 1 1 1 1 1 1 1 1 1 1 
1044 2 2 2 2 2 2 2 2 2 2 
1045 0 0 0 0 0 0 0 0 0 0 
1046 2 2 2 2 2 2 2 2 2 2 
1047 0 0 0 0 0 0 0 0 0 0 
1048 2 2 2 2 2 2 2 2 2 2 
1049 1 1 1 1 1 1 1 1 1 1 
1050 2 2 2 2 2 2 2 2 2 2 
1051 0 0 0 0 0 0 0 0 0 0 
1052 1 1 1 1 1 1 1 1 1 1 
1053 4 4 4 4 4 4 4 4 4 4 
1054 2 2 2 2 2 2 2 2 2 2 
1055 1 1 1 1 1 1 1 1 1 1 
1056 2 2 2 2 2 2 2 2 2 2 
1057 4 4 4 4 4 4 4 4 4 4 
1058 1 1 1 1 1 1 1 1 1 1 
1059 1 1 1 1 1 1 1 1 1 1 
1060 0 0 0 0 0 0 0 0 0 0 
1061 2 2 2 2 2 2 2 2 2 2 
1062 0 0 0 0 0 0 0 0 0 0 
1063 1 1 1 1 1 1 1 1 1 1 
1064 4 4 4 4 4 4 4 4 4 4 
1065 0 0 0 0 0 0 0 0 0 0 
1066 4 4 4 4 4 4 4 4 4 4 
1067 1 1 1 1 1 1 1 1 1 1 
1068 4 4 4 4 4 4 4 4 4 4 
1069 4 4 4 4 4 4 4 4 4 4 
1070 4 4 4 4 4 4 4 4 4 4 
1071 1 1 1 1 1 1 1 1 1 1 
1072 2 2 2 2 2 2 2 2 2 2 
1073 4 4 4 4 4 4 4 4 4 4 
1074 1 1 1 1 1 1 1 1 1 1 
1075 4 4 4 4 4 4 4 4 4 4 
1076 0 0 0 0 0 0 0 0 0 0 
1077 1 1 1 1 1 1 1 1 1 1 
1078 1 1 1 1 1 1 1 1 1 1 
1079 4 4 4 4 4 4 4 4 4 4 
1080 1 1 1 1 1 1 1 1 1 1 
1081 0 0 0 0 0 0 0 0 0 0 
1082 4 4 4 4 4 4 4 4 4 4 
1083 4 4 4 4 4 4 4 4 4 4 
1084 1 1 1 1 1 1 1 1 1 1 
1085 2 2 2 2 2 2 2 2 2 2 
1086 0 0 0 0 0 0 0 0 0 0 
1087 0 0 0 0 0 0 0 0 0 0 
1088 2 2 2 2 2 2 2 2 2 2 
1089 1 1 1 1 1 1 1 1 1 1 
1090 0 0 0 0 0 0 0 0 0 0 
1091 0 0 0 0 0 0 0 0 0 0 
1092 4 4 4 4 4 4 4 4 4 4 
1093 1 1 1 1 1 1 1 1 1 1 
1094 1 1 1 1 1 1 1 1 1 1 
1095 4 4 4 4 4 4 4 4 4 4 
1096 1 1 1 1 1 1 1 1 1 1 
1097 4 4 4 4 4 4 4 4 4 4 
1098 1 1 1 1 1 1 1 1 1 1 
1099 4 4 4 4 4 4 4 4 4 4 
1100 4 4 4 4 4 4 4 4 4 4 
1101 0 0 0 0 0 0 0 0 0 0 
1102 2 2 2 2 2 2 2 2 2 2 
1103 0 0 0 0 0 0 0 0 0 0 
1104 0 0 0 0 0 0 0 0 0 0 
1105 1 1 1 1 1 1 1 1 1 1 
1106 4 4 4 4 4 4 4 4 4 4 
1107 1 1 1 1 1 1 1 1 1 1 
1108 1 1 1 1 1 1 1 1 1 1 
1109 0 0 0 0 4 4 0 0 0 0 
1110 0 0 0 0 0 0 0 0 0 0 
1111 1 1 1 1 1 1 1 1 1 1 
1112 0 0 0 0 0 0 0 0 0 0 
1113 0 0 0 0 0 0 0 0 0 0 
1114 1 1 1 1 1 1 1 1 1 1 
1115 1 1 1 1 1 1 1 1 1 1 
1116 1 1 1 1 1 1 1 1 1 1 
1117 0 0 0 0 0 0 0 0 0 0 
1118 2 2 2 2 2 2 2 2 2 2 
1119 1 1 1 1 1 1 1 1 1 1 
1120 0 0 0 0 0 0 0 0 0 0 
1121 0 0 0 0 0 0 0 0 0 0 
1122 2 2 2 2 2 2 2 2 2 2 
1123 4 4 4 4 4 4 4 4 4 4 
1124 1 1 1 1 1 1 1 1 1 1 
1125 1 1 1 1 1 1 1 1 1 1 
1126 1 1 1 1 1 1 1 1 2 1 
1127 4 4 4 4 4 4 4 4 4 4 
1128 0 0 0 0 0 0 0 0 0 0 
1129 1 1 1 1 1 1 1 1 1 1 
1130 1 1 1 1 1 1 1 1 1 1 
1131 2 2 2 2 2 2 2 2 2 2 
1132 4 4 4 4 4 4 4 4 4 4 
1133 1 1 1 1 1 1 1 1 1 1 
1134 1 1 1 1 1 1 1 1 1 1 
1135 1 1 1 1 1 1 1 1 1 1 
1136 0 0 0 0 0 0 0 0 0 0 
1137 2 2 2 2 2 2 2 2 2 2 
1138 0 0 0 0 0 0 0 0 0 0 
1139 1 1 1 1 1 1 1 1 1 1 
1140 0 0 0 0 0 0 0 0 0 0 
1141 1 1 1 1 1 1 1 1 1 1 
1142 1 1 1 1 1 1 1 1 1 1 
1143 0 0 0 0 0 0 0 0 0 0 
1144 2 2 2 2 2 2 2 2 2 2 
1145 2 2 2 2 2 2 2 2 2 2 
1146 0 0 0 0 0 0 0 0 0 0 
1147 0 0 0 0 0 0 0 0 0 0 
1148 0 0 0 0 0 0 0 0 0 0 
1149 2 2 2 2 2 2 2 2 2 2 
1150 0 0 0 0 0 0 0 0 0 0 
1151 0 0 0 0 0 0 0 0 0 0 
1152 1 1 1 1 1 1 1 1 1 1 
1153 4 4 4 4 4 4 4 4 4 4 
1154 1 1 1 1 1 1 1 1 1 1 
1155 0 0 0 0 0 0 0 0 0 0 
1156 1 1 1 1 1 1 1 1 1 1 
1157 4 4 4 4 4 4 4 4 4 4 
1158 4 4 4 4 4 4 4 4 4 4 
1159 4 4 4 4 4 4 4 4 4 4 
1160 0 0 0 0 0 0 0 0 0 0 
1161 1 1 1 1 1 1 1 1 1 1 
1162 0 0 0 0 0 0 0 0 0 0 
1163 0 0 0 0 0 0 0 0 0 0 
1164 1 1 1 1 1 1 1 1 1 1 
1165 4 4 4 4 4 4 4 4 4 4 
1166 0 0 0 0 0 0 0 0 0 0 
1167 2 2 2 2 2 2 2 2 2 2 
1168 2 2 2 2 2 2 2 2 2 2 
1169 0 0 0 0 0 0 0 0 0 0 
1170 0 0 0 0 0 0 0 0 0 0 
1171 2 2 2 2 2 2 2 2 2 2 
1172 1 1 1 1 1 1 1 1 1 1 
1173 4 4 4 4 4 4 4 4 4 4 
1174 0 1 1 1 1 0 0 1 1 1 
1175 0 0 0 0 0 0 0 0 0 0 
1176 0 0 0 0 0 0 0 0 0 0 
1177 2 2 2 2 2 2 2 2 2 2 
1178 0 0 0 0 0 0 0 0 0 0 
1179 2 2 2 2 2 2 2 2 2 2 
1180 0 0 0 0 0 0 0 0 0 0 
1181 1 1 1 1 1 1 1 1 1 1 
1182 4 4 4 4 4 4 4 4 4 4 
1183 2 2 2 2 2 2 2 2 2 2 
1184 0 0 0 0 0 0 0 0 0 0 
1185 4 4 4 4 4 4 4 4 4 4 
1186 1 1 1 1 1 1 1 1 1 1 
1187 1 1 1 1 1 1 1 1 1 1 
1188 4 4 4 4 4 4 4 4 4 4 
1189 0 0 0 0 0 0 0 0 0 0 
1190 4 4 4 4 4 4 4 4 4 4 
1191 4 4 4 4 4 4 4 4 4 4 
1192 1 1 1 1 1 1 1 1 1 1 
1193 1 1 1 1 1 1 1 1 1 1 
1194 4 4 4 4 4 4 4 4 4 4 
1195 1 1 1 1 1 1 1 1 1 1 
1196 1 1 1 1 1 1 1 1 1 1 
1197 1 1 1 1 1 1 1 1 1 1 
1198 1 1 1 1 1 1 1 1 1 1 
1199 1 1 1 1 1 1 1 1 1 1 
1200 4 4 4 4 4 4 4 4 4 4 
1201 1 1 1 1 1 1 1 1 1 1 
1202 1 1 1 1 1 1 1 1 1 1 
1203 4 4 4 4 4 4 4 4 4 4 
1204 1 1 1 1 1 1 1 1 1 1 
1205 0 0 0 0 0 0 0 0 0 0 
1206 4 4 4 4 4 4 4 4 4 4 
1207 1 1 1 1 1 1 1 1 1 1 
1208 2 2 2 2 2 2 2 2 2 2 
1209 0 0 0 0 0 0 0 0 0 0 
1210 2 2 2 2 2 2 2 2 2 2 
1211 2 2 2 2 2 2 2 2 2 2 
1212 2 2 2 2 2 2 2 2 2 2 
1213 1 1 1 1 1 1 1 1 1 1 
1214 1 1 1 1 1 1 1 1 1 1 
1215 0 0 0 0 0 0 0 0 0 0 
1216 4 4 4 4 4 4 4 4 4 4 
1217 1 1 1 1 1 1 1 1 1 1 
1218 0 0 0 0 0 0 0 0 0 0 
1219 2 2 2 2 2 2 2 2 2 2 
1220 0 0 0 0 0 0 0 0 0 0 
1221 0 0 0 0 0 0 0 0 0 0 
1222 2 2 2 2 2 2 2 2 2 2 
1223 0 0 0 0 0 0 0 0 0 0 
1224 2 2 2 2 2 2 2 2 2 2 
1225 2 2 2 2 2 2 2 2 2 2 
1226 2 2 2 2 2 2 2 2 2 2 
1227 0 0 0 0 0 0 0 0 0 0 
1228 2 2 2 2 2 2 2 2 2 2 
1229 1 1 1 1 1 1 1 1 1 1 
1230 1 1 1 1 1 1 1 1 1 1 
1231 1 1 1 1 1 1 1 1 1 1 
1232 0 0 0 0 0 0 0 0 0 0 
1233 1 1 1 1 1 1 1 1 1 1 
1234 0 0 0 0 0 0 0 0 0 0 
1235 2 2 2 2 2 2 2 2 2 2 
1236 0 0 0 0 0 0 0 0 0 0 
1237 2 2 2 2 2 2 2 2 2 2 
1238 2 2 2 2 2 2 2 2 2 2 
1239 1 1 1 1 1 1 1 1 1 1 
1240 4 4 4 4 4 4 4 4 4 4 
1241 1 1 1 1 1 1 1 1 1 1 
1242 4 4 4 4 4 4 4 4 4 4 
1243 1 1 1 1 1 1 1 1 1 1 
1244 4 4 4 4 4 4 4 4 4 4 
1245 1 1 1 1 1 1 1 1 1 1 
1246 4 4 4 4 4 4 4 4 4 4 
1247 1 1 1 1 1 1 1 1 1 1 
1248 4 4 4 4 4 4 4 4 4 4 
1249 1 1 1 1 1 1 1 1 1 1 
1250 1 1 1 1 1 1 1 1 1 1 
1251 0 0 0 0 0 0 0 0 0 0 
1252 4 4 4 4 4 4 4 4 4 4 
1253 1 1 1 1 1 1 1 1 1 1 
1254 4 4 4 4 4 4 4 4 4 4 
1255 1 1 1 1 1 1 1 1 1 1 
1256 4 4 4 4 4 4 4 4 4 4 
1257 4 4 4 4 4 4 4 4 4 4 
1258 1 1 1 1 1 1 1 1 1 1 
1259 4 4 4 4 4 4 4 4 4 4 
1260 4 4 4 4 4 4 4 4 4 4 
1261 2 2 2 2 2 2 2 2 2 2 
1262 1 1 1 1 1 1 1 1 1 1 
1263 1 1 1 1 1 1 1 1 1 1 
1264 4 4 4 4 4 4 4 4 4 4 
1265 4 4 4 4 4 4 4 4 4 4 
1266 4 4 4 4 4 4 4 4 4 4 
1267 1 1 1 1 1 1 1 1 1 1 
1268 4 4 4 4 4 4 4 4 4 4 
1269 2 2 2 2 2 2 2 2 2 2 
1270 0 0 0 0 0 0 0 0 0 0 
1271 0 0 0 0 0 0 0 0 0 0 
1272 1 1 1 1 1 1 1 1 1 1 
1273 4 4 4 4 4 4 4 4 4 4 
1274 1 1 1 1 1 1 1 1 1 1 
1275 1 1 1 1 1 1 1 1 1 1 
1276 1 1 1 1 1 1 1 1 1 1 
1277 4 4 4 4 4 4 4 4 4 4 
1278 4 4 4 4 4 4 4 4 4 4 
1279 1 1 1 1 1 1 1 1 1 1 
1280 4 4 4 4 4 4 4 4 4 4 
1281 1 1 1 1 1 1 1 1 1 1 
1282 1 1 1 1 1 1 1 1 1 1 
1283 1 1 1 1 1 1 1 1 1 1 
1284 0 0 0 0 0 0 0 0 0 0 
1285 2 2 2 2 2 2 2 2 2 2 
1286 0 0 0 0 0 0 0 0 0 0 
1287 0 0 0 0 0 0 0 0 0 0 
1288 0 0 0 0 0 0 0 0 0 0 
1289 2 2 2 2 2 2 2 2 2 2 
1290 2 2 2 2 2 2 2 2 2 2 
1291 2 2 2 2 2 2 2 2 2 2 
1292 0 0 0 0 0 0 0 0 0 0 
1293 0 0 0 0 0 0 0 0 0 0 
1294 2 2 2 2 2 2 2 2 2 2 
1295 0 0 0 0 0 0 0 0 0 0 
1296 2 2 2 2 2 2 2 2 2 2 
1297 0 0 0 0 0 0 0 0 0 0 
1298 2 2 2 2 2 2 2 2 2 2 
1299 0 0 0 0 0 0 0 0 0 0 
1300 2 2 2 2 2 2 2 2 2 2 
1301 0 0 0 0 0 0 0 0 0 0 
1302 0 0 0 0 0 0 0 0 0 0 
1303 1 1 1 1 1 1 1 1 1 1 
1304 0 0 0 0 0 0 0 0 0 0 
1305 0 0 0 0 0 0 0 0 0 0 
1306 0 0 0 0 0 0 0 0 0 0 
1307 2 2 2 2 2 2 2 2 2 2 
1308 0 0 0 0 0 0 0 0 0 0 
1309 2 2 2 2 2 2 2 2 2 2 
1310 0 0 0 0 0 0 0 0 0 0 
1311 2 2 2 2 2 2 2 2 2 2 
1312 0 0 0 0 0 0 0 0 0 0 
1313 2 2 2 2 2 2 2 2 2 2 
1314 0 0 0 0 0 0 0 0 0 0 
1315 0 0 0 0 0 0 0 0 0 0 
1316 2 2 2 2 2 2 2 2 2 2 
1317 0 0 0 0 0 0 0 0 0 0 
1318 2 2 2 2 2 2 2 2 2 2 
1319 0 0 0 0 0 0 0 0 0 0 
1320 0 0 0 0 0 0 0 0 0 0 
1321 2 2 2 2 2 2 2 2 2 2 
1322 1 1 1 1 1 1 1 1 1 1 
1323 4 4 4 4 4 4 4 4 4 4 
1324 1 1 1 1 1 1 1 1 1 1 
1325 4 4 4 4 4 4 4 4 4 4 
1326 1 1 1 1 1 1 1 1 1 1 
1327 4 4 4 4 4 4 4 4 4 4 
1328 4 4 4 4 4 4 4 4 4 4 
1329 4 4 4 4 4 4 4 4 4 4 
1330 1 1 1 1 1 1 1 1 1 1 
1331 4 4 4 4 4 4 4 4 4 4 
1332 1 1 1 1 1 1 1 1 1 1 
1333 1 1 1 1 1 1 1 1 1 1 
1334 4 4 4 4 4 4 4 4 4 4 
1335 0 0 0 0 0 0 0 0 0 0 
1336 2 2 2 2 2 2 2 2 2 2 
1337 0 0 0 0 0 0 0 0 0 0 
1338 2 2 2 2 2 2 2 2 2 2 
1339 4 4 4 4 4 4 4 4 4 4 
1340 2 2 2 2 2 2 2 2 2 2 
1341 0 0 0 4 4 0 1 0 0 0 
1342 1 1 1 1 1 1 1 1 1 1 
1343 4 4 4 4 4 4 4 4 4 4 
1344 2 2 2 2 2 2 2 2 2 2 
1345 0 0 0 0 0 0 0 0 0 0 
1346 0 0 0 0 0 0 0 0 0 0 
1347 2 2 2 2 2 2 2 2 2 2 
1348 2 2 2 2 2 2 2 2 2 2 
1349 4 4 4 4 4 4 4 4 4 4 
1350 1 1 1 1 1 1 1 1 1 1 
1351 4 4 4 4 4 4 4 4 4 4 
1352 1 1 1 1 1 1 1 1 1 1 
1353 0 0 0 0 0 0 0 0 0 0 
1354 0 0 0 0 0 0 0 0 0 0 
1355 2 2 2 2 2 2 2 2 2 2 
1356 0 0 0 0 0 0 0 0 0 0 
1357 0 0 0 0 0 0 0 0 0 0 
1358 0 0 0 0 0 0 0 0 0 0 
1359 2 2 2 2 2 2 2 2 2 2 
1360 2 4 2 2 2 2 2 2 2 2 
1361 1 1 1 1 1 1 1 1 1 1 
1362 0 0 0 0 0 0 0 0 0 0 
1363 2 2 2 2 2 2 2 2 2 2 
1364 0 0 0 0 0 0 0 0 0 0 
1365 2 2 2 2 2 2 2 2 2 2 
1366 0 0 0 0 0 0 0 0 0 0 
1367 2 2 2 2 2 2 2 2 2 2 
1368 0 0 0 0 0 0 0 0 0 0 
1369 2 2 2 2 2 2 2 2 2 2 
1370 0 0 0 0 0 0 0 0 0 0 
1371 2 2 2 2 2 2 2 2 2 2 
1372 0 0 0 0 0 0 0 0 0 0 
1373 1 1 1 1 1 1 1 1 1 1 
1374 1 1 1 1 1 1 1 1 1 1 
1375 0 0 0 0 0 0 0 0 0 0 
1376 2 2 2 2 2 2 2 2 2 2 
1377 1 1 1 1 1 1 1 1 1 1 
1378 1 1 1 1 1 1 1 1 1 1 
1379 0 0 0 0 0 0 0 0 0 0 
1380 2 2 2 2 2 2 2 2 2 2 
1381 0 0 0 0 0 0 0 0 0 0 
1382 4 4 4 4 4 4 4 4 4 4 
1383 0 0 0 0 0 0 0 0 0 0 
1384 4 4 4 4 4 4 4 4 4 4 
1385 1 1 1 1 1 1 1 1 1 1 
1386 2 2 2 2 2 2 2 2 2 2 
1387 0 0 0 0 0 0 0 0 0 0 
1388 2 2 2 2 2 2 2 2 2 2 
1389 1 1 1 1 1 1 1 1 1 1 
1390 0 0 0 0 0 0 0 0 0 0 
1391 0 0 0 0 0 0 0 0 0 0 
1392 2 2 2 2 2 2 2 2 2 2 
1393 0 0 0 0 0 0 0 0 0 0 
1394 2 2 2 2 2 2 2 2 2 2 
1395 4 4 4 4 4 4 4 4 4 4 
1396 1 1 1 1 1 1 1 1 1 1 
1397 4 4 4 4 4 4 4 4 4 4 
1398 0 0 0 0 0 0 0 0 0 0 
1399 4 4 4 4 4 4 4 4 4 4 
1400 2 2 2 2 2 2 2 2 2 2 
1401 0 0 0 0 0 0 0 0 0 0 
1402 2 2 2 2 2 2 2 2 2 2 
1403 2 2 2 2 2 2 2 2 2 2 
1404 0 0 0 0 0 0 0 0 0 0 
1405 0 0 0 0 0 0 0 0 0 0 
1406 2 2 2 2 2 2 2 2 2 2 
1407 0 0 0 0 0 0 0 0 0 0 
1408 0 0 0 0 0 0 0 0 0 0 
1409 1 1 1 1 1 1 1 1 1 1 
1410 4 4 4 4 4 4 4 4 4 4 
1411 2 2 2 2 2 2 2 2 2 2 
1412 0 0 0 0 0 0 0 0 0 0 
1413 1 1 1 1 1 1 1 1 1 1 
1414 0 0 0 0 0 0 0 0 0 0 
1415 0 0 0 0 0 0 0 0 0 0 
1416 0 0 0 0 0 0 0 0 0 0 
1417 4 4 4 4 4 4 4 4 4 4 
1418 0 0 0 0 0 0 0 0 0 0 
1419 0 0 0 0 0 0 0 0 0 0 
1420 2 2 2 2 2 2 2 2 2 2 
1421 0 0 0 0 0 0 0 0 0 0 
1422 2 2 2 2 2 2 2 2 2 2 
1423 2 2 2 2 2 2 2 2 2 2 
1424 0 0 0 0 0 0 0 0 0 0 
1425 0 0 0 0 0 0 0 0 0 0 
1426 0 0 0 0 0 0 0 0 0 0 
1427 2 2 2 2 2 2 2 2 2 2 
1428 1 1 1 1 1 1 1 1 1 1 
1429 2 2 2 2 2 2 2 2 2 2 
1430 4 4 4 4 4 4 4 4 4 4 
1431 1 1 1 1 1 1 1 1 1 1 
1432 1 1 1 1 1 1 1 1 1 1 
1433 4 4 4 4 4 4 4 4 4 4 
1434 4 4 4 4 4 4 4 4 4 4 
1435 0 0 0 0 0 0 0 0 0 0 
1436 2 2 2 2 2 2 2 2 2 2 
1437 0 0 0 0 0 0 0 0 0 0 
1438 0 0 0 0 0 0 0 0 0 0 
1439 0 0 0 0 0 0 0 0 0 0 
1440 2 2 2 2 2 2 2 2 2 2 
1441 2 2 2 2 2 2 2 2 2 2 
1442 2 2 2 2 2 2 2 2 2 2 
1443 0 0 0 0 0 0 0 0 0 0 
1444 2 2 2 2 2 2 2 2 2 2 
1445 0 0 0 0 0 0 0 0 0 0 
1446 0 0 0 0 0 0 0 0 0 0 
1447 2 2 2 2 2 2 2 2 2 2 
1448 0 0 0 0 0 0 0 0 0 0 
1449 0 0 0 0 0 0 0 0 0 0 
1450 2 2 2 2 2 2 2 2 2 2 
1451 0 0 0 0 0 0 0 0 0 0 
1452 2 2 2 2 2 2 2 2 2 2 
1453 0 0 0 0 0 0 0 0 0 0 
1454 2 2 2 2 2 2 2 2 2 2 
1455 0 0 0 0 0 0 0 0 0 0 
1456 0 0 0 0 0 0 0 0 0 0 
1457 2 2 2 2 2 2 2 2 2 2 
1458 2 2 2 2 2 2 2 2 2 2 
1459 0 0 0 0 0 0 0 0 0 0 
1460 2 2 2 2 2 2 2 2 2 2 
1461 0 0 0 0 0 0 0 0 0 0 
1462 2 2 2 2 2 2 2 2 2 2 
1463 0 0 0 0 0 0 0 0 0 0 
1464 0 0 0 0 0 0 0 0 0 0 
1465 1 1 1 1 1 1 1 1 1 1 
1466 4 4 4 4 4 4 4 4 4 4 
1467 1 1 1 1 1 1 1 1 1 1 
1468 4 4 4 4 4 4 4 4 4 4 
1469 1 1 1 1 1 1 1 1 1 1 
1470 1 1 1 1 1 1 1 1 1 1 
1471 4 4 4 4 4 4 4 4 4 4 
1472 1 1 1 1 1 1 1 1 1 1 
1473 4 4 4 4 4 4 4 4 4 4 
1474 1 1 1 1 1 1 1 1 1 1 
1475 4 4 4 4 4 4 4 4 4 4 
1476 1 1 1 1 1 1 1 1 1 1 
1477 1 1 1 1 1 1 1 1 1 1 
1478 1 1 1 1 1 1 1 1 1 1 
1479 1 1 1 1 1 1 1 1 1 1 
1480 4 4 4 4 4 4 4 4 4 4 
1481 0 0 0 0 0 0 0 0 0 0 
1482 2 2 2 2 2 2 2 2 2 2 
1483 0 0 0 0 0 0 0 0 0 0 
1484 2 2 2 2 2 2 2 2 2 2 
1485 0 0 0 0 0 0 0 0 0 0 
1486 0 0 0 0 0 0 0 0 0 0 
1487 0 0 0 0 0 0 0 0 0 0 
1488 2 2 2 2 2 2 2 2 2 2 
1489 2 2 2 2 2 2 2 2 2 2 
1490 0 0 0 0 0 0 0 0 0 0 
1491 0 0 0 0 0 0 0 0 0 0 
1492 2 2 2 2 2 2 2 2 2 2 
1493 0 0 0 0 0 0 0 0 0 0 
1494 2 2 2 2 2 2 2 2 2 2 
1495 2 2 2 2 2 2 2 2 2 2 
1496 2 2 2 2 2 2 2 2 2 2 
1497 2 2 2 2 2 2 2 2 2 2 
1498 0 0 0 0 0 0 0 0 0 0 
1499 1 1 1 1 1 1 1 1 1 1 
1500 0 0 0 0 0 0 0 0 0 0 
1501 0 0 0 0 0 0 0 0 0 0 
1502 4 4 4 4 4 4 4 4 4 4 
1503 0 0 0 0 0 0 0 0 0 0 
1504 2 2 2 2 2 2 2 2 2 2 
1505 0 0 0 0 0 0 0 0 0 0 
1506 0 0 0 0 0 0 0 0 0 0 
1507 0 0 0 0 0 0 0 0 0 0 
1508 4 4 4 4 4 4 4 4 4 4 
1509 1 1 1 1 1 1 1 1 1 1 
1510 1 1 1 1 1 1 1 1 1 1 
1511 4 4 4 4 4 4 4 4 4 4 
1512 1 1 1 1 1 1 1 1 1 1 
1513 1 1 1 1 1 1 1 1 1 1 
1514 1 1 1 1 1 1 1 1 1 1 
1515 4 4 4 4 4 4 4 4 4 4 
1516 1 1 1 1 1 1 1 1 1 1 
1517 4 4 4 4 4 4 4 4 4 4 
1518 4 4 4 4 4 4 4 4 4 4 
1519 1 1 1 1 1 1 1 1 1 1 
1520 4 4 4 4 4 4 4 4 4 4 
1521 1 1 1 1 1 1 1 1 1 1 
1522 1 1 1 1 1 1 1 1 1 1 
1523 0 0 0 0 0 0 0 0 0 0 
1524 0 0 0 0 0 0 0 0 0 0 
1525 2 2 2 2 2 2 2 2 2 2 
1526 0 0 0 0 0 0 0 0 0 0 
1527 2 2 2 2 2 2 2 2 2 2 
1528 2 2 2 2 2 2 2 2 2 2 
1529 0 2 2 0 0 0 0 4 1 4 
1530 0 0 0 0 0 0 0 0 0 0 
1531 2 2 2 2 2 2 2 2 2 2 
1532 0 0 0 0 0 0 0 0 0 0 
1533 2 2 2 2 2 2 2 2 2 2 
1534 1 1 1 1 1 1 1 1 1 1 
1535 0 0 0 0 0 0 0 0 0 0 
1536 2 2 2 2 2 2 2 2 2 2 
1537 0 0 0 0 0 0 0 0 0 0 
1538 1 1 1 1 1 1 1 1 1 1 
1539 2 2 2 2 2 2 2 2 2 2 
1540 0 0 0 0 0 0 0 0 0 0 
1541 0 0 0 0 0 0 0 0 0 0 
1542 1 1 1 1 1 1 1 1 1 1 
1543 4 4 4 4 4 4 4 4 4 4 
1544 1 1 1 1 1 1 1 1 1 1 
1545 0 0 0 0 0 0 0 0 0 0 
1546 2 2 2 2 2 2 2 2 2 2 
1547 2 2 2 2 2 2 2 2 2 2 
1548 0 0 0 0 0 0 0 0 0 0 
1549 2 2 2 2 2 2 2 2 2 2 
1550 2 2 2 2 2 2 2 2 2 2 
1551 0 0 0 0 0 0 0 0 0 0 
1552 0 0 0 0 0 0 0 0 0 0 
1553 4 4 4 4 4 4 4 4 4 4 
1554 1 1 1 1 1 1 1 1 1 1 
1555 0 0 0 0 0 0 0 0 0 0 
1556 1 1 1 1 1 1 1 1 1 1 
1557 1 1 1 1 1 1 1 1 1 1 
1558 1 1 1 1 1 1 1 1 1 1 
1559 4 4 4 4 4 4 4 4 4 4 
1560 1 1 1 1 1 1 1 1 1 1 
1561 0 0 0 0 0 0 0 0 0 0 
1562 4 4 4 4 4 4 4 4 4 4 
1563 0 0 0 0 0 0 0 0 0 0 
1564 1 1 1 1 1 1 1 1 1 1 
1565 4 4 4 4 4 4 4 4 4 4 
1566 1 1 1 1 1 1 1 1 1 1 
1567 0 0 0 0 0 0 0 0 0 0 
1568 4 4 4 4 4 4 4 4 4 4 
1569 1 1 1 1 1 1 1 1 1 1 
1570 1 1 1 1 1 1 1 1 1 1 
1571 4 4 4 4 4 4 4 4 4 4 
1572 1 1 1 1 1 1 1 1 1 1 
1573 2 2 2 2 2 2 2 2 2 2 
1574 0 0 0 0 0 0 0 0 0 0 
1575 2 2 2 2 2 2 2 2 2 2 
1576 0 0 0 0 0 0 0 0 0 0 
1577 2 2 2 2 2 2 2 2 2 2 
1578 2 2 2 2 2 2 2 2 2 2 
1579 2 2 2 2 2 2 2 2 2 2 
1580 0 0 0 0 0 0 0 0 0 0 
1581 2 2 2 2 2 2 2 2 2 2 
1582 0 0 0 0 0 0 0 0 0 0 
1583 0 0 0 0 0 0 0 0 0 0 
1584 0 0 0 0 0 0 0 0 0 0 
1585 0 0 0 0 0 0 0 0 0 0 
1586 0 0 0 0 0 0 0 0 0 0 
1587 0 0 0 0 0 0 0 0 0 0 
1588 1 1 1 1 1 1 1 1 1 1 
1589 2 2 2 2 2 2 2 2 2 2 
1590 0 0 0 0 0 0 0 0 0 0 
1591 2 2 2 2 2 2 2 2 2 2 
1592 2 2 2 2 2 2 2 2 2 2 
1593 0 0 0 0 0 0 0 0 0 0 
1594 0 0 0 0 0 0 0 0 0 0 
1595 0 0 0 0 0 0 0 0 0 0 
1596 2 2 2 2 2 2 2 2 2 2 
1597 2 2 2 2 2 2 2 2 2 2 
1598 2 2 2 2 2 2 2 2 2 2 
1599 2 2 2 2 2 2 2 2 2 2 
1600 2 2 2 2 2 2 2 2 2 2 
1601 0 0 0 0 0 0 0 0 0 0 
1602 2 2 2 2 2 2 2 2 2 2 
1603 2 2 2 2 2 2 2 2 2 2 
1604 4 4 4 4 4 4 4 4 4 4 
1605 1 1 1 1 1 1 1 1 1 1 
1606 1 1 1 1 1 1 1 1 1 1 
1607 0 0 0 0 0 0 0 0 0 0 
1608 2 2 2 2 2 2 2 2 2 2 
1609 0 0 0 0 0 0 0 0 0 0 
1610 1 1 1 1 1 1 1 1 1 1 
1611 0 0 0 0 0 0 0 0 0 0 
1612 1 1 1 1 1 1 1 1 1 1 
1613 4 4 4 4 4 4 4 4 4 4 
1614 1 1 1 1 1 1 1 1 1 1 
1615 0 0 0 0 0 0 0 0 0 0 
1616 2 2 2 2 2 2 2 2 2 2 
1617 0 0 0 0 0 0 0 0 0 0 
1618 1 1 1 1 1 1 1 1 1 1 
1619 4 4 4 4 4 4 4 4 4 4 
1620 1 1 1 1 1 1 1 1 1 1 
1621 0 0 0 0 0 0 0 0 0 0 
1622 2 2 2 2 2 2 2 2 2 2 
1623 0 0 0 0 0 0 0 0 0 0 
1624 2 2 2 2 2 2 2 2 2 2 
1625 0 0 0 0 0 0 0 0 0 0 
1626 0 0 0 0 0 0 0 0 0 0 
1627 2 2 2 2 2 2 2 2 2 2 
1628 2 2 2 2 2 2 2 2 2 2 
1629 0 0 0 0 0 0 0 0 0 0 
1630 0 0 0 0 0 0 0 0 0 0 
1631 0 0 0 0 0 0 0 0 0 0 
1632 2 2 2 2 2 2 2 2 2 2 
1633 2 2 2 2 2 2 2 2 2 2 
1634 0 0 0 0 0 0 0 0 0 0 
1635 1 1 1 1 1 1 1 1 1 1 
1636 0 0 0 0 0 0 0 0 0 0 
1637 2 2 2 2 2 2 2 2 2 2 
1638 1 1 1 1 1 1 1 1 1 1 
1639 0 0 0 0 0 0 0 0 0 0 
1640 4 4 4 4 4 4 4 4 4 4 
1641 2 2 2 2 2 2 2 2 2 2 
1642 0 0 0 0 0 0 0 0 0 0 
1643 2 2 2 2 2 2 2 2 2 2 
1644 4 4 4 4 4 4 4 4 4 4 
1645 1 1 1 1 1 1 1 1 1 1 
1646 1 1 1 1 1 1 1 1 1 1 
1647 4 4 4 4 4 4 4 4 4 4 
1648 0 0 0 0 0 0 0 0 0 0 
1649 0 0 0 0 0 0 0 0 0 0 
1650 2 2 2 2 2 2 2 2 2 2 
1651 0 0 0 0 0 0 0 0 0 0 
1652 2 2 2 2 2 2 2 2 2 2 
1653 0 0 0 0 0 0 0 0 0 0 
1654 2 2 2 2 2 2 2 2 2 2 
1655 0 0 0 0 0 0 0 0 0 0 
1656 1 1 1 1 1 1 1 1 1 1 
1657 1 1 1 1 1 1 1 1 1 1 
1658 1 1 1 1 1 1 1 1 1 1 
1659 4 4 4 4 4 4 4 4 4 4 
1660 1 1 1 1 1 1 1 1 1 1 
1661 1 1 1 1 1 1 1 1 1 1 
1662 0 0 0 0 0 0 0 0 0 0 
1663 4 4 4 4 4 4 4 4 4 4 
1664 1 1 1 1 1 1 1 1 1 1 
1665 4 4 4 4 4 4 4 4 4 4 
1666 1 1 1 1 1 1 1 1 1 1 
1667 4 4 4 4 4 4 4 4 4 4 
1668 4 4 4 4 4 4 4 4 4 4 
1669 1 1 1 1 1 1 1 1 1 1 
1670 4 4 4 4 4 4 4 4 4 4 
1671 1 1 1 1 1 1 1 1 1 1 
1672 0 0 0 0 0 0 0 0 0 0 
1673 2 2 2 2 2 2 2 2 2 2 
1674 2 2 2 2 2 2 2 2 2 2 
1675 0 0 0 0 0 0 0 0 0 0 
1676 2 2 2 2 2 2 2 2 2 2 
1677 0 0 0 0 0 0 0 0 0 0 
1678 2 2 2 2 2 2 2 2 2 2 
1679 0 0 0 0 0 0 0 0 0 0 
1680 2 2 2 2 2 2 2 2 2 2 
1681 2 2 2 2 2 2 2 2 2 2 
1682 4 4 4 4 4 4 4 4 4 4 
1683 1 1 1 1 1 1 1 1 1 1 
1684 4 4 4 4 4 4 4 4 4 4 
1685 1 1 1 1 1 1 1 1 1 1 
1686 0 0 0 0 0 0 0 0 0 0 
1687 1 1 1 1 1 1 1 1 1 1 
1688 0 0 0 0 0 0 0 0 0 0 
1689 0 0 0 0 0 0 0 0 0 0 
1690 2 2 2 2 2 2 2 2 2 2 
1691 0 0 0 0 0 0 0 0 0 0 
1692 1 1 1 1 1 1 1 1 1 1 
1693 4 4 4 4 4 4 4 4 4 4 
1694 1 1 1 1 1 1 1 1 1 1 
1695 4 4 4 4 4 4 4 4 4 4 
1696 1 1 1 1 1 1 1 1 1 1 
1697 4 4 4 4 4 4 4 4 4 4 
1698 4 4 4 4 4 4 4 4 4 4 
1699 1 1 1 1 1 1 1 1 1 1 
1700 0 0 0 0 0 0 0 0 0 0 
1701 2 2 2 2 2 2 2 2 2 2 
1702 2 2 2 2 2 2 2 2 2 2 
1703 1 1 1 1 1 1 1 1 1 1 
1704 0 0 0 0 0 0 0 0 0 0 
1705 1 1 1 1 1 1 1 1 1 1 
1706 0 0 0 0 0 0 0 0 0 0 
1707 1 1 1 1 1 1 1 1 1 1 
1708 1 1 1 1 1 1 1 1 1 1 
1709 4 4 4 4 4 4 4 4 4 4 
1710 2 2 2 2 2 2 2 2 2 2 
1711 0 0 0 0 0 0 0 0 0 0 
1712 0 0 0 0 0 0 0 0 0 0 
1713 2 2 2 2 2 2 2 2 2 2 
1714 4 4 4 4 4 4 4 4 4 4 
1715 4 4 4 4 4 4 4 4 4 4 
1716 1 1 1 1 1 1 1 1 1 1 
1717 4 4 4 4 4 4 4 4 4 4 
1718 1 1 1 1 1 1 1 1 1 1 
1719 2 2 2 2 2 2 2 2 2 2 
1720 0 0 0 0 0 0 0 0 0 0 
1721 2 2 2 2 2 2 2 2 2 2 
1722 4 4 4 4 4 4 4 4 4 4 
1723 1 1 1 1 1 1 1 1 1 1 
1724 1 1 1 1 1 1 1 1 1 1 
1725 4 4 4 4 4 4 4 4 4 4 
1726 4 4 4 4 4 4 4 4 4 4 
1727 0 0 0 0 0 0 0 0 0 0 
1728 2 2 2 2 2 2 2 2 2 2 
1729 0 0 0 0 0 0 0 0 0 0 
1730 2 2 2 2 2 2 2 2 2 2 
1731 0 0 0 0 0 0 0 0 0 0 
1732 1 1 1 1 1 1 1 1 1 1 
1733 0 0 0 0 0 0 0 0 0 0 
1734 4 4 4 4 4 4 4 4 4 4 
1735 1 1 1 1 1 1 1 1 1 1 
1736 0 0 0 0 0 0 0 0 0 0 
1737 1 1 1 1 1 1 1 1 1 1 
1738 2 2 2 2 2 2 2 2 2 2 
1739 4 4 4 4 4 4 4 4 4 4 
1740 0 0 0 0 0 0 0 0 0 0 
1741 1 1 1 1 1 1 1 1 1 1 
1742 0 0 0 0 0 0 0 0 0 0 
1743 0 0 0 0 0 0 0 0 0 0 
1744 2 2 2 2 2 2 2 2 2 2 
1745 0 0 0 0 0 0 0 0 0 0 
1746 2 2 2 2 2 2 2 2 2 2 
1747 0 0 0 0 0 0 0 0 0 0 
1748 2 2 2 2 2 2 2 2 2 2 
1749 0 0 0 0 0 0 0 0 0 0 
1750 2 2 2 2 2 2 2 2 2 2 
1751 1 1 1 1 1 1 1 1 1 1 
1752 0 0 0 0 0 0 0 0 0 0 
1753 4 4 4 4 4 4 4 4 4 4 
1754 2 2 2 2 2 2 2 2 2 2 
1755 0 0 0 0 0 0 0 0 0 0 
1756 0 0 0 0 0 0 0 0 0 0 
1757 2 2 2 2 2 2 2 2 2 2 
1758 2 2 2 2 2 2 2 2 2 2 
1759 0 0 0 0 0 0 0 0 0 0 
1760 0 0 0 0 0 0 0 0 0 0 
1761 0 0 0 0 0 0 0 0 0 0 
1762 2 2 2 2 2 2 2 2 2 2 
1763 0 0 0 0 0 0 0 0 0 0 
1764 0 0 0 0 0 0 0 0 0 0 
1765 2 2 2 2 2 2 2 2 2 2 
1766 2 2 2 2 2 2 2 2 2 2 
1767 0 0 0 0 0 0 0 0 0 0 
1768 4 4 4 4 4 4 4 4 4 4 
1769 1 1 1 1 1 1 1 1 1 1 
1770 2 2 2 2 2 2 2 2 2 2 
1771 0 0 0 0 0 0 0 0 0 0 
1772 2 2 2 2 2 2 2 2 2 2 
1773 0 0 0 0 0 0 0 0 0 0 
1774 0 0 0 0 0 0 0 0 0 0 
1775 2 2 2 2 2 2 2 2 2 2 
1776 0 0 0 0 0 0 0 0 0 0 
1777 1 1 1 1 1 1 1 1 1 1 
1778 4 4 4 4 4 4 4 4 4 4 
1779 4 4 4 4 4 4 4 4 4 4 
1780 1 1 1 1 1 1 1 1 1 1 
1781 4 4 4 4 4 4 4 4 4 4 
1782 1 1 1 1 1 1 1 1 1 1 
1783 1 1 1 1 1 1 1 1 1 1 
1784 4 4 4 4 4 4 4 4 4 4 
1785 2 2 2 2 2 2 2 2 2 2 
1786 1 1 1 1 1 1 1 1 1 1 
1787 2 2 2 2 2 2 2 2 2 2 
1788 0 0 0 0 0 0 0 0 0 0 
1789 2 2 2 2 2 2 2 2 2 2 
1790 0 0 0 0 0 0 0 0 0 0 
1791 2 2 2 2 2 2 2 2 2 2 
1792 0 0 0 0 0 0 0 0 0 0 
1793 2 2 2 2 2 2 2 2 2 2 
1794 0 0 0 0 0 0 0 0 0 0 
1795 0 0 0 0 0 0 0 0 0 0 
1796 2 2 2 2 2 2 2 2 2 2 
1797 0 0 0 0 0 0 0 0 0 0 
1798 2 2 2 2 2 2 2 2 2 2 
1799 2 2 2 2 2 2 2 2 2 2 
1800 0 0 0 0 0 0 0 0 0 0 
1801 2 2 2 2 2 2 2 2 2 2 
1802 2 2 2 2 2 2 2 2 2 2 
1803 0 0 0 0 0 0 0 0 0 0 
1804 0 0 0 0 0 0 0 0 0 0 
1805 2 2 2 2 2 2 2 2 2 2 
1806 0 0 0 0 0 0 0 0 0 0 
1807 2 2 2 2 2 2 2 2 2 2 
1808 0 0 0 0 0 0 0 0 0 0 
1809 2 2 2 2 2 2 2 2 2 2 
1810 0 0 0 0 0 0 0 0 0 0 
1811 2 2 2 2 2 2 2 2 2 2 
1812 1 1 1 1 1 1 1 1 1 1 
1813 2 2 2 2 2 2 2 2 2 2 
1814 0 0 0 0 0 0 0 0 0 0 
1815 4 4 4 4 4 4 4 4 4 4 
1816 2 2 2 2 2 2 2 2 2 2 
1817 2 2 2 2 2 2 2 2 2 2 
1818 1 1 1 1 1 1 1 1 1 1 
1819 0 0 0 0 0 0 0 0 0 0 
1820 2 2 2 2 2 2 2 2 2 2 
1821 4 4 4 4 4 4 4 4 4 4 
1822 1 1 1 1 1 1 1 1 1 1 
1823 4 4 4 4 4 4 4 4 4 4 
1824 0 0 0 0 0 0 0 0 0 0 
1825 2 2 2 2 2 2 2 2 2 2 
1826 2 2 2 2 2 2 2 2 2 2 
1827 1 1 1 1 1 1 1 1 1 1 
1828 0 0 0 0 0 0 0 0 0 0 
1829 0 0 0 0 0 0 0 0 0 0 
1830 2 2 2 2 2 2 2 2 2 2 
1831 2 2 2 2 2 2 2 2 2 2 
1832 0 0 0 0 0 0 0 0 0 0 
1833 2 2 2 2 2 2 2 2 2 2 
1834 0 0 0 0 0 0 0 0 0 0 
1835 2 2 2 2 2 2 2 2 2 2 
1836 0 0 0 0 0 0 0 0 0 0 
1837 2 2 2 2 2 2 2 2 2 2 
1838 2 2 2 2 2 2 2 2 2 2 
1839 0 0 0 0 0 0 0 0 0 0 
1840 2 2 2 2 2 2 2 2 2 2 
1841 0 0 0 0 0 0 0 0 0 0 
1842 4 4 4 4 4 4 4 4 4 4 
1843 1 1 1 1 1 1 1 1 1 1 
1844 4 4 4 4 4 4 4 4 4 4 
1845 4 4 4 4 4 4 4 4 4 4 
1846 1 1 1 1 1 1 1 1 1 1 
1847 1 1 1 1 1 1 1 1 1 1 
1848 0 0 0 0 0 0 0 0 0 0 
1849 2 2 2 2 2 2 2 2 2 2 
1850 0 0 0 0 0 0 0 0 0 0 
1851 1 1 1 1 1 1 1 1 1 1 
1852 4 4 4 4 4 4 4 4 4 4 
1853 1 1 1 1 1 1 1 1 1 1 
1854 2 2 2 2 2 2 2 2 2 2 
1855 2 2 2 2 2 2 2 2 2 2 
1856 4 4 4 4 4 4 4 4 4 4 
1857 1 1 1 1 1 1 1 1 1 1 
1858 0 0 0 0 0 0 0 0 0 0 
1859 0 0 0 0 0 0 0 0 0 0 
1860 4 4 4 4 4 4 4 4 4 4 
1861 1 1 1 1 1 1 1 1 1 1 
1862 1 1 1 1 1 1 1 1 1 1 
1863 4 4 4 4 4 4 4 4 4 4 
1864 1 1 1 1 1 1 1 1 1 1 
1865 4 4 4 4 4 4 4 4 4 4 
1866 1 1 1 1 1 1 1 1 1 1 
1867 1 1 1 1 1 1 1 1 1 1 
1868 0 0 0 0 0 0 0 0 0 0 
1869 1 1 1 1 1 1 1 1 1 1 
1870 4 4 4 4 4 4 4 4 4 4 
1871 2 2 2 2 2 2 2 2 2 2 
1872 0 0 0 0 0 0 0 0 0 0 
1873 1 1 1 1 1 1 1 1 1 1 
1874 0 0 0 0 0 0 0 0 0 0 
1875 4 4 4 4 4 4 4 4 4 4 
1876 1 1 1 1 1 1 1 1 1 1 
1877 1 1 1 1 1 1 1 1 1 1 
1878 0 0 0 0 0 0 0 0 0 0 
1879 2 2 2 2 2 2 2 2 2 2 
1880 2 2 2 2 2 2 2 2 2 2 
1881 0 0 0 0 0 0 0 0 0 0 
1882 2 2 2 2 2 2 2 2 2 2 
1883 0 0 0 0 0 0 0 0 0 0 
1884 2 2 2 2 2 2 2 2 2 2 
1885 0 0 0 0 0 0 0 0 0 0 
1886 0 0 0 0 0 0 0 0 0 0 
1887 2 2 2 2 2 2 2 2 2 2 
1888 2 2 2 2 2 2 2 2 2 2 
1889 1 1 1 1 1 1 1 1 1 1 
1890 4 4 4 4 4 4 4 4 4 4 
1891 1 1 1 1 1 1 1 1 1 1 
1892 0 0 0 0 0 0 0 0 0 0 
1893 1 1 1 1 1 1 1 1 1 1 
1894 4 4 4 4 4 4 4 4 4 4 
1895 4 4 4 4 4 4 4 4 4 4 
1896 1 1 1 1 1 1 1 1 1 1 
1897 1 1 1 1 1 1 1 1 1 1 
1898 4 4 4 4 4 4 4 4 4 4 
1899 0 0 0 0 0 0 0 0 0 0 
1900 0 0 0 0 0 0 0 0 0 0 
1901 1 1 1 1 1 1 1 1 1 1 
1902 2 2 2 2 2 2 2 2 2 2 
1903 0 0 0 0 0 0 0 0 0 0 
1904 1 1 1 1 1 1 1 1 1 1 
1905 0 0 0 0 0 0 0 0 0 0 
1906 2 2 2 2 2 2 2 2 2 2 
1907 0 0 0 0 0 0 0 0 0 0 
1908 2 2 2 2 2 2 2 2 2 2 
1909 2 2 2 2 2 2 2 2 2 2 
1910 0 0 0 0 0 0 0 0 0 0 
1911 1 1 1 1 1 1 1 1 1 1 
1912 0 0 0 0 0 0 0 0 0 0 
1913 2 2 2 2 2 2 2 2 2 2 
1914 2 2 2 2 2 2 2 2 2 2 
1915 1 1 1 1 1 1 1 1 1 1 
1916 0 0 0 0 0 0 0 0 0 0 
1917 2 2 2 2 2 2 2 2 2 2 
1918 2 2 2 2 2 2 2 2 2 2 
1919 0 0 0 0 0 0 0 0 0 0 
1920 0 0 0 0 0 0 0 0 0 0 
1921 0 0 0 0 0 0 0 0 0 0 
1922 0 0 0 0 0 0 0 0 0 0 
1923 2 2 2 2 2 2 2 2 2 2 
1924 2 2 2 2 2 2 2 2 2 2 
1925 2 2 2 2 2 2 2 2 2 2 
1926 2 2 2 2 2 2 2 2 2 2 
1927 0 0 0 0 0 0 0 0 0 0 
1928 2 2 2 2 2 2 2 2 2 2 
1929 0 0 0 0 0 0 0 0 0 0 
1930 0 0 0 0 0 0 0 0 0 0 
1931 1 1 1 1 1 1 1 1 1 1 
1932 4 4 4 4 4 4 4 4 4 4 
1933 1 1 1 1 1 1 1 1 1 1 
1934 0 0 0 0 0 0 0 0 0 0 
1935 2 2 2 2 2 2 2 2 2 2 
1936 0 0 0 0 0 0 0 0 0 0 
1937 1 1 1 1 1 1 1 1 1 1 
1938 0 0 0 0 0 0 0 0 0 0 
1939 2 2 2 2 2 2 2 2 2 2 
1940 1 1 1 1 1 1 1 1 1 1 
1941 0 0 0 0 0 0 0 0 0 0 
1942 0 0 0 0 0 0 0 0 0 0 
1943 2 2 2 2 2 2 2 2 2 2 
1944 4 4 4 4 4 4 4 4 4 4 
1945 1 1 1 1 1 1 1 1 1 1 
1946 0 0 0 0 0 0 0 0 0 0 
1947 1 1 1 1 1 1 1 1 1 1 
1948 4 4 4 4 4 4 4 4 4 4 
1949 4 4 4 4 4 4 4 4 4 4 
1950 4 4 4 4 4 4 4 4 4 4 
1951 1 1 1 1 1 1 1 1 1 1 
1952 0 0 0 0 0 0 0 0 0 0 
1953 1 1 1 1 1 1 1 1 1 1 
1954 4 4 4 4 4 4 4 4 4 4 
1955 2 2 2 2 2 2 2 2 2 2 
1956 1 1 1 1 1 1 1 1 1 1 
1957 1 1 1 1 1 1 1 1 1 1 
1958 4 4 4 4 4 4 4 4 4 4 
1959 1 1 1 1 1 1 1 1 1 1 
1960 1 1 1 1 1 1 1 1 1 1 
1961 4 4 4 4 4 4 4 4 4 4 
1962 0 0 0 0 0 0 0 0 0 0 
1963 4 4 4 4 4 4 4 4 4 4 
1964 2 2 2 2 2 2 2 2 2 2 
1965 1 1 1 1 1 1 1 1 1 1 
1966 4 4 4 4 4 4 4 4 4 4 
1967 4 4 4 4 4 4 4 4 4 4 
1968 4 4 4 4 4 4 4 4 4 4 
1969 1 1 1 1 1 1 1 1 1 1 
1970 1 1 1 1 1 1 1 1 1 1 
1971 0 0 0 0 0 0 0 0 0 0 
1972 0 0 0 0 0 0 0 0 0 0 
1973 2 2 2 2 2 2 2 2 2 2 
1974 1 1 1 1 1 1 1 1 1 1 
1975 0 0 0 0 0 0 0 0 0 0 
1976 1 1 1 1 1 1 1 1 1 1 
1977 4 4 4 4 4 4 4 4 4 4 
1978 0 0 0 0 0 0 0 0 0 0 
1979 2 2 2 2 2 2 2 2 2 2 
1980 1 1 1 1 1 1 1 1 1 1 
1981 2 2 2 2 2 2 2 2 2 2 
1982 4 4 4 4 4 4 4 4 4 4 
1983 1 1 1 1 1 1 1 1 1 1 
1984 1 1 1 1 1 1 1 1 1 1 
1985 1 1 1 1 1 1 1 1 1 1 
1986 2 2 2 2 2 2 2 2 2 2 
1987 0 0 0 0 0 0 0 0 0 0 
1988 2 2 2 2 2 2 2 2 2 2 
1989 0 0 0 0 0 0 0 0 0 0 
1990 2 2 2 2 2 2 2 2 2 2 
1991 1 1 1 1 1 1 1 1 1 1 
1992 1 1 1 1 1 1 1 1 1 1 
1993 0 0 0 0 0 0 0 0 0 0 
1994 2 2 2 2 2 2 2 2 2 2 
1995 4 4 4 4 4 4 4 4 4 4 
1996 2 2 2 2 2 2 2 2 2 2 
1997 0 0 0 0 0 0 0 0 0 0 
1998 2 2 2 2 2 2 2 2 2 2 
1999 0 0 0 0 0 0 0 0 0 0 
2000 1 1 1 1 1 1 1 1 1 1 
2001 0 0 0 0 0 0 0 0 0 0 
2002 1 1 1 1 1 1 1 1 1 1 
2003 4 4 4 4 4 4 4 4 4 4 
2004 2 2 2 2 2 2 2 2 2 2 
2005 0 0 0 0 0 0 0 0 0 0 
2006 1 1 1 1 1 1 1 1 1 1 
2007 1 1 1 1 1 1 1 1 1 1 
2008 0 0 0 0 0 0 0 0 0 0 
2009 2 2 2 2 2 2 2 2 2 2 
2010 2 2 2 2 2 2 2 2 2 2 
2011 0 0 0 0 0 0 0 0 0 0 
2012 2 2 2 2 2 2 2 2 2 2 
2013 4 4 4 4 4 4 4 4 4 4 
2014 1 1 1 1 1 1 1 1 1 1 
2015 1 1 1 1 1 1 1 1 1 1 
2016 4 4 4 4 4 4 4 4 4 4 
2017 1 1 1 1 1 1 1 1 1 1 
2018 4 4 4 4 4 4 4 4 4 4 
2019 2 2 2 2 2 2 2 2 2 2 
2020 0 0 0 0 0 0 0 0 0 0 
2021 0 0 0 0 0 0 0 0 0 0 
2022 2 2 2 2 2 2 2 2 2 2 
2023 0 0 0 0 0 0 0 0 0 0 
2024 2 2 2 2 2 2 2 2 2 2 
2025 0 0 0 0 0 0 0 0 0 0 
2026 0 0 0 0 0 0 0 0 0 0 
2027 2 2 2 2 2 2 2 2 2 2 
2028 2 2 2 2 2 2 2 2 2 2 
2029 2 2 2 2 2 2 2 2 2 2 
2030 0 0 0 0 0 0 0 0 0 0 
2031 0 0 0 0 0 0 0 0 0 0 
2032 2 2 2 2 2 2 2 2 2 2 
2033 0 0 0 0 0 0 0 0 0 0 
2034 2 2 2 2 2 2 2 2 2 2 
2035 0 0 0 0 0 0 0 0 0 0 
2036 0 0 0 0 0 0 0 0 0 0 
2037 2 2 2 2 2 2 2 2 2 2 
2038 0 0 0 0 0 0 0 0 0 0 
2039 1 1 1 1 1 1 1 1 1 1 
2040 4 4 4 4 4 4 4 4 4 4 
2041 1 1 1 1 1 1 1 1 1 1 
2042 0 0 0 0 0 0 0 0 0 0 
2043 2 2 2 2 2 2 2 2 2 2 
2044 0 0 0 0 0 0 0 0 0 0 
2045 2 2 2 2 2 2 2 2 2 2 
2046 0 0 0 0 0 0 0 0 0 0 
2047 4 4 4 4 4 4 4 4 4 4 
2048 1 1 1 1 1 1 1 1 1 1 
2049 1 1 1 1 1 1 1 1 1 1 
2050 4 4 4 4 4 4 4 4 4 4 
2051 0 0 0 0 0 0 0 0 0 0 
2052 2 2 2 2 2 2 2 2 2 2 
2053 0 0 0 0 0 0 0 0 0 0 
2054 1 1 1 1 1 1 1 1 1 1 
2055 0 0 0 0 0 0 0 0 0 0 
2056 2 2 2 2 2 2 2 2 2 2 
2057 2 2 2 2 2 2 2 2 2 2 
2058 0 0 0 0 0 0 0 0 0 0 
2059 0 0 0 0 0 0 0 0 0 0 
2060 2 2 2 2 2 2 2 2 2 2 
2061 2 2 2 2 2 2 2 2 2 2 
2062 0 0 0 0 0 0 0 0 0 0 
2063 2 2 2 2 2 2 2 2 2 2 
2064 2 2 2 2 2 2 2 2 2 2 
2065 0 0 0 0 0 0 0 0 0 0 
2066 0 0 0 0 0 0 0 0 0 0 
2067 0 0 0 0 0 0 0 0 0 0 
2068 2 2 2 2 2 2 2 2 2 2 
2069 2 2 2 2 2 2 2 2 2 2 
2070 0 0 0 0 0 0 0 0 0 0 
2071 2 2 2 2 2 2 2 2 2 2 
2072 2 2 2 2 2 2 2 2 2 2 
2073 0 0 0 0 0 0 0 0 0 0 
2074 2 2 2 2 2 2 2 2 2 2 
2075 2 2 2 2 2 2 2 2 2 2 
2076 0 0 0 0 0 0 0 0 0 0 
2077 0 0 0 0 0 0 0 0 0 0 
2078 0 0 0 0 0 0 0 0 0 0 
2079 2 2 2 2 2 2 2 2 2 2 
2080 2 2 2 2 2 2 2 2 2 2 
2081 0 0 0 0 0 0 0 0 0 0 
2082 2 2 2 2 2 2 2 2 2 2 
2083 2 2 2 2 2 2 2 2 2 2 
2084 0 0 0 0 0 0 0 0 0 0 
2085 0 0 0 0 0 0 0 0 0 0 
2086 2 2 2 2 2 2 2 2 2 2 
2087 2 2 2 2 2 2 2 2 2 2 
2088 0 0 0 0 0 0 0 0 0 0 
2089 2 2 2 2 2 2 2 2 2 2 
2090 0 0 0 0 0 0 0 0 0 0 
2091 2 2 2 2 2 2 2 2 2 2 
2092 1 1 1 1 1 1 1 1 1 1 
2093 4 4 4 4 4 4 4 4 4 4 
2094 1 1 1 1 1 1 1 1 1 1 
2095 4 4 4 4 4 4 4 4 4 4 
2096 1 1 1 1 1 1 1 1 1 1 
2097 1 1 1 1 1 1 1 1 1 1 
2098 0 0 0 0 0 0 0 0 0 0 
2099 1 1 1 1 1 1 1 1 1 1 
2100 0 0 0 0 0 0 0 0 0 0 
2101 1 1 1 1 1 1 1 1 1 1 
2102 4 4 4 4 4 4 4 4 4 4 
2103 0 0 0 0 0 0 0 0 0 0 
2104 0 0 0 0 0 0 0 0 0 0 
2105 2 2 2 2 2 2 2 2 2 2 
2106 2 2 2 2 2 2 2 2 2 2 
2107 0 0 0 0 0 0 0 0 0 0 
2108 2 2 2 2 2 2 2 2 2 2 
2109 4 4 4 4 4 4 4 4 4 4 
2110 1 1 1 1 1 1 1 1 1 1 
2111 0 0 0 0 0 0 0 0 0 0 
2112 0 0 0 0 0 0 0 0 0 0 
2113 2 2 2 2 2 2 2 2 2 2 
2114 0 0 0 0 0 0 0 0 0 0 
2115 1 1 1 1 1 1 1 1 1 1 
2116 1 1 1 1 1 1 1 1 1 1 
2117 1 1 1 1 1 1 1 1 1 1 
2118 0 0 0 0 0 0 0 0 0 0 
2119 4 4 4 4 4 4 4 4 4 4 
2120 1 1 1 1 1 1 1 1 1 1 
2121 4 4 4 4 4 4 4 4 4 4 
2122 2 2 2 2 2 2 2 2 2 2 
2123 2 2 2 2 2 2 2 2 2 2 
2124 0 0 0 0 0 0 0 0 0 0 
2125 0 0 0 0 0 0 0 0 0 0 
2126 1 1 1 1 1 1 1 1 1 1 
2127 4 4 4 4 4 4 4 4 4 4 
2128 1 1 1 1 1 1 1 1 1 1 
2129 0 0 0 0 0 0 0 0 0 0 
2130 0 0 0 0 0 0 0 0 0 0 
2131 2 2 2 2 2 2 2 2 2 2 
2132 2 2 2 2 2 2 2 2 2 2 
2133 0 0 0 0 0 0 0 0 0 0 
2134 2 2 2 2 2 2 2 2 2 2 
2135 0 0 0 0 0 0 0 0 0 0 
2136 1 1 1 1 1 1 1 1 1 1 
2137 2 2 2 2 2 2 2 2 2 2 
2138 1 1 1 1 1 1 1 1 1 1 
2139 1 1 1 1 1 1 1 1 1 1 
2140 0 0 0 0 0 0 0 0 0 0 
2141 4 4 4 4 4 4 4 4 4 4 
2142 2 2 2 2 2 2 2 2 2 2 
2143 0 0 0 0 0 0 0 0 0 0 
2144 1 1 1 1 1 1 1 1 1 1 
2145 4 4 4 4 4 4 4 4 4 4 
2146 1 1 1 1 1 1 1 1 1 1 
2147 4 4 4 4 4 4 4 4 4 4 
2148 2 2 2 2 2 2 2 2 2 2 
2149 0 0 0 0 0 0 0 0 0 0 
2150 2 2 2 2 2 2 2 2 2 2 
2151 2 2 2 2 2 2 2 2 2 2 
2152 0 0 0 0 0 0 0 0 0 0 
2153 2 2 2 2 2 2 2 2 2 2 
2154 1 1 1 1 1 1 1 1 1 1 
2155 2 2 2 2 2 2 2 2 2 2 
2156 1 1 1 1 1 1 1 1 1 1 
2157 0 0 0 0 0 0 0 0 0 0 
2158 1 1 1 1 1 1 1 1 1 1 
2159 1 1 1 1 1 1 1 1 1 1 
2160 4 4 4 4 4 4 4 4 4 4 
2161 4 4 4 4 4 4 4 4 4 4 
2162 1 1 1 1 1 1 1 1 1 1 
2163 4 4 4 4 4 4 4 4 4 4 
2164 1 1 1 1 1 1 1 1 1 1 
2165 4 4 4 4 4 4 4 4 4 4 
2166 1 1 1 1 1 1 1 1 1 1 
2167 4 4 4 4 4 4 4 4 4 4 
2168 1 1 1 1 1 1 1 1 1 1 
2169 4 4 4 4 4 4 4 4 4 4 
2170 1 1 1 1 1 1 1 1 1 1 
2171 4 4 4 4 4 4 4 4 4 4 
2172 1 1 1 1 1 1 1 1 1 1 
2173 0 0 0 0 0 0 0 0 0 0 
2174 1 1 1 1 1 1 1 1 1 1 
2175 4 4 4 4 4 4 4 4 4 4 
2176 1 1 1 1 1 1 1 1 1 1 
2177 4 4 4 4 4 4 4 4 4 4 
2178 1 1 1 1 1 1 1 1 1 1 
2179 4 4 4 4 4 4 4 4 4 4 
2180 4 4 4 4 4 4 4 4 4 4 
2181 4 4 4 4 4 4 4 4 4 4 
2182 1 1 1 1 1 1 1 1 1 1 
2183 0 0 0 0 0 0 0 0 0 0 
2184 2 2 2 2 2 2 2 2 2 2 
2185 0 0 0 0 0 0 0 0 0 0 
2186 0 0 0 0 0 0 0 0 0 0 
2187 2 2 2 2 2 2 2 2 2 2 
2188 2 2 2 2 2 2 2 2 2 2 
2189 0 0 0 0 0 0 0 0 0 0 
2190 0 0 0 0 0 0 0 0 0 0 
2191 2 2 2 2 2 2 2 2 2 2 
2192 0 0 0 0 0 0 0 0 0 0 
2193 2 2 2 2 2 2 2 2 2 2 
2194 0 0 0 0 0 0 0 0 0 0 
2195 2 2 2 2 2 2 2 2 2 2 
2196 4 4 4 4 4 4 4 4 4 4 
2197 0 0 0 0 0 0 0 0 0 0 
2198 2 2 2 2 2 2 2 2 2 2 
2199 1 1 1 1 1 1 1 1 1 1 
2200 4 4 4 4 4 4 4 4 4 4 
2201 0 0 0 0 0 0 0 0 0 0 
2202 1 1 1 1 1 1 1 1 1 1 
2203 0 0 0 0 0 0 0 0 0 0 
2204 4 4 4 4 4 4 4 4 4 4 
2205 0 0 0 0 0 0 0 0 0 0 
2206 0 0 0 0 0 0 0 0 0 0 
2207 4 4 4 4 4 4 4 4 4 4 
2208 1 1 1 1 1 1 1 1 1 1 
2209 2 2 2 2 2 2 2 2 2 2 
2210 1 1 1 1 1 1 1 1 1 1 
2211 2 2 2 2 2 2 2 2 2 2 
2212 1 1 1 1 1 1 1 1 1 1 
2213 1 1 1 1 1 1 1 1 1 1 
2214 4 4 4 4 4 4 4 4 4 4 
2215 1 1 1 1 1 1 1 1 1 1 
2216 1 1 1 1 1 1 1 1 1 1 
2217 1 1 1 1 1 1 1 1 1 1 
2218 1 1 1 1 1 1 1 1 1 1 
2219 1 1 1 1 1 1 1 1 1 1 
2220 1 1 1 1 1 1 1 1 1 1 
2221 4 4 4 4 4 4 0 0 4 4 
2222 1 1 1 1 1 1 1 1 1 1 
2223 1 1 1 1 1 1 1 1 1 1 
2224 0 0 0 0 0 0 0 0 0 0 
2225 2 2 2 2 2 2 2 2 2 2 
2226 4 4 4 4 4 4 4 4 4 4 
2227 1 1 1 1 1 1 1 1 1 1 
2228 4 4 4 4 4 4 4 4 4 4 
2229 4 4 4 4 4 4 4 4 4 4 
2230 2 2 2 2 2 2 2 2 2 2 
2231 0 0 0 0 0 0 0 0 0 0 
2232 2 2 2 2 2 2 2 2 2 2 
2233 0 0 0 0 0 0 0 0 0 0 
2234 0 0 0 0 0 0 0 0 0 0 
2235 4 4 4 4 4 4 4 4 4 4 
2236 1 1 1 1 1 1 1 1 1 1 
2237 4 4 4 4 4 4 4 4 4 4 
2238 1 1 1 1 1 1 1 1 1 1 
2239 0 0 0 0 0 0 0 0 0 0 
2240 2 2 2 2 2 2 2 2 2 2 
2241 1 1 1 1 1 1 1 1 1 1 
2242 4 4 4 4 4 4 4 4 4 4 
2243 1 1 1 1 1 1 1 1 1 1 
2244 4 4 4 4 4 4 4 4 4 4 
2245 1 1 1 1 1 1 1 1 1 1 
2246 1 1 1 1 1 1 1 1 1 1 
2247 4 4 4 4 4 4 4 4 4 4 
2248 0 0 0 0 0 0 0 0 0 0 
2249 4 4 4 4 4 4 4 4 4 4 
2250 4 4 4 4 4 4 4 4 4 4 
2251 4 4 4 4 4 4 4 4 4 4 
2252 1 1 1 1 1 1 1 1 1 1 
2253 4 4 4 4 4 4 4 4 4 4 
2254 0 0 0 0 0 0 0 0 0 0 
2255 2 2 2 2 2 2 2 2 2 2 
2256 2 2 2 2 2 2 2 2 2 2 
2257 0 0 0 0 0 0 0 0 0 0 
2258 0 0 0 0 0 0 0 0 0 0 
2259 2 2 2 2 2 2 2 2 2 2 
2260 2 2 2 2 2 2 2 2 2 2 
2261 1 1 1 1 1 1 1 1 1 1 
2262 2 2 2 2 2 2 2 2 2 2 
2263 0 0 0 0 0 0 0 0 0 0 
2264 1 1 1 1 1 1 1 1 1 1 
2265 0 0 0 0 0 0 0 0 0 0 
2266 0 0 0 0 0 0 0 0 0 0 
2267 0 0 0 0 0 0 0 0 0 0 
2268 1 1 1 1 1 1 1 1 1 1 
2269 4 4 4 4 4 4 4 4 4 4 
2270 1 1 1 1 1 1 1 1 1 1 
2271 0 0 0 0 0 0 0 0 0 0 
2272 0 0 0 0 0 0 0 0 0 0 
2273 1 1 1 1 1 1 1 1 1 1 
2274 1 1 1 1 1 1 1 1 1 1 
2275 4 4 4 4 4 4 4 4 4 4 
2276 0 0 0 0 0 0 0 0 0 0 
2277 1 1 1 1 1 1 1 1 1 1 
2278 2 2 2 2 2 2 2 2 2 2 
2279 0 0 0 0 0 0 0 0 0 0 
2280 2 2 2 2 2 2 2 2 2 2 
2281 2 2 2 2 2 2 2 2 2 2 
2282 0 0 0 0 0 0 0 0 0 0 
2283 0 0 0 0 0 0 0 0 0 0 
2284 2 2 2 2 2 2 2 2 2 2 
2285 2 2 2 2 2 2 2 2 2 2 
2286 0 0 0 0 0 0 0 0 0 0 
2287 0 0 0 0 0 0 0 0 0 0 
2288 0 0 0 0 0 0 0 0 0 0 
2289 0 0 0 0 0 0 0 0 0 0 
2290 0 0 0 0 0 0 0 0 0 0 
2291 2 2 2 2 2 2 2 2 2 2 
2292 2 2 2 2 2 2 2 2 2 2 
2293 0 0 0 0 0 0 0 0 0 0 
2294 2 2 2 2 2 2 2 2 2 2 
2295 1 1 1 1 1 1 1 1 1 1 
2296 1 1 1 1 1 1 1 1 1 1 
2297 4 4 4 4 4 4 4 4 4 4 
2298 1 1 1 1 1 1 1 1 1 1 
2299 4 4 4 4 4 4 4 4 4 4 
2300 4 4 4 4 4 4 4 4 4 4 
2301 2 2 2 2 2 2 2 2 2 2 
2302 2 2 2 2 2 2 2 2 2 2 
2303 1 1 1 1 1 1 1 1 1 1 
2304 2 2 2 2 2 2 2 2 2 2 
2305 2 2 2 2 2 2 2 2 2 2 
2306 0 0 0 0 0 0 0 0 0 0 
2307 2 2 2 2 2 2 2 2 2 2 
2308 0 0 0 0 0 0 0 0 0 0 
2309 0 0 0 0 0 0 0 0 0 0 
2310 0 0 0 0 0 0 0 0 0 0 
2311 4 4 4 4 4 4 4 4 4 4 
2312 1 1 1 1 1 1 1 1 1 1 
2313 0 0 0 0 0 0 0 0 0 0 
2314 2 2 2 2 2 2 2 2 2 2 
2315 4 4 4 4 4 4 4 4 4 4 
2316 1 1 1 1 1 1 1 1 1 1 
2317 4 4 4 4 4 4 4 4 4 4 
2318 1 1 1 1 1 1 1 1 1 1 
2319 0 0 0 0 0 0 0 0 0 0 
2320 2 2 2 2 2 2 2 2 2 2 
2321 1 1 1 1 1 1 1 1 1 1 
2322 4 4 4 4 4 4 4 4 4 4 
2323 1 1 1 1 1 1 1 1 1 1 
2324 1 1 1 1 1 1 1 1 1 1 
2325 0 0 0 0 0 0 0 0 0 0 
2326 2 2 2 2 2 2 2 2 2 2 
2327 0 0 0 0 0 0 0 0 0 0 
2328 2 2 2 2 2 2 2 2 2 2 
2329 2 2 2 2 2 2 2 2 2 2 
2330 0 0 0 0 0 0 0 0 0 0 
2331 2 2 2 2 2 2 2 2 2 2 
2332 1 1 1 1 1 1 1 1 1 1 
2333 4 4 4 4 4 4 4 4 4 4 
2334 0 0 0 0 0 0 0 0 0 0 
2335 2 2 2 2 2 2 2 2 2 2 
2336 0 0 0 0 0 0 0 0 0 0 
2337 0 0 0 0 0 0 0 0 0 0 
2338 2 2 2 2 2 2 2 2 2 2 
2339 0 0 0 0 0 0 0 0 0 0 
2340 4 4 4 4 4 4 4 4 4 4 
2341 4 4 4 4 4 4 4 4 4 4 
2342 1 1 1 1 1 1 1 1 1 1 
2343 1 1 1 1 1 1 1 1 1 1 
2344 1 1 1 1 1 1 1 1 1 1 
2345 0 0 0 0 0 0 0 0 0 0 
2346 2 2 2 2 2 2 2 2 2 2 
2347 0 0 0 0 0 0 0 0 0 0 
2348 0 0 0 0 0 0 0 0 0 0 
2349 2 2 2 2 2 2 2 2 2 2 
2350 0 0 0 0 0 0 0 0 0 0 
2351 2 2 2 2 2 2 2 2 2 2 
2352 1 1 1 1 1 1 1 1 1 1 
2353 4 4 4 4 4 4 4 4 4 4 
2354 1 1 1 1 1 1 1 1 1 1 
2355 0 0 0 0 0 0 0 0 0 0 
2356 4 4 4 4 4 4 4 4 4 4 
2357 0 0 0 0 0 0 0 0 0 0 
2358 1 1 1 1 1 1 1 1 1 1 
2359 4 4 4 4 4 4 4 4 4 4 
2360 4 4 4 4 4 4 4 4 4 4 
2361 1 1 1 1 1 1 1 1 1 1 
2362 2 2 2 2 2 2 2 2 2 2 
2363 0 0 0 0 0 0 0 0 0 0 
2364 2 2 2 2 2 2 2 2 2 2 
2365 0 0 0 0 0 0 0 0 0 0 
2366 1 1 1 1 1 1 1 1 1 1 
2367 1 1 1 1 1 1 1 1 1 1 
2368 0 0 0 0 0 0 0 0 0 0 
2369 2 2 2 2 2 2 2 2 2 2 
2370 2 2 2 2 2 2 2 2 2 2 
2371 0 0 0 0 0 0 0 0 0 0 
2372 2 2 2 2 2 2 2 2 2 2 
2373 0 0 0 0 0 0 0 0 0 0 
2374 2 2 2 2 2 2 2 2 2 2 
2375 0 0 0 0 0 0 0 0 0 0 
2376 4 4 4 4 4 4 4 4 4 4 
2377 1 1 1 1 1 1 1 1 1 1 
2378 4 4 4 4 4 4 4 4 4 4 
2379 4 4 4 4 4 4 4 4 4 4 
2380 1 1 1 1 1 1 1 1 1 1 
2381 1 1 1 1 1 1 1 1 1 1 
2382 1 1 1 1 1 1 1 1 1 1 
2383 4 4 4 4 4 4 4 4 4 4 
2384 0 0 0 0 0 0 0 0 0 0 
2385 1 1 1 1 1 1 1 1 1 1 
2386 1 1 1 1 2 1 2 1 1 1 
2387 4 4 4 4 4 4 4 4 4 4 
2388 1 1 1 1 1 1 1 1 1 1 
2389 1 1 1 1 1 1 1 1 1 1 
2390 4 4 4 4 4 4 4 4 4 4 
2391 1 1 1 1 1 1 1 1 1 1 
2392 1 1 1 1 1 1 1 1 1 1 
2393 4 4 4 4 4 4 4 4 4 4 
2394 4 4 4 4 4 4 4 4 4 4 
2395 1 1 1 1 1 1 1 1 1 1 
2396 1 1 1 1 1 1 1 1 1 1 
2397 1 1 1 1 1 1 1 1 1 1 
2398 0 0 0 0 0 0 0 0 0 0 
2399 4 4 4 4 4 4 4 4 4 4 
2400 1 1 1 1 1 1 1 1 1 1 
2401 1 1 1 1 1 1 1 1 1 1 
2402 4 4 4 4 4 4 4 4 4 4 
2403 4 4 4 4 4 4 4 4 4 4 
2404 1 1 1 1 1 1 1 1 1 1 
2405 0 0 0 0 0 0 0 0 0 0 
2406 1 1 1 1 1 1 1 1 1 1 
2407 0 0 0 0 0 0 0 0 0 0 
2408 2 2 2 2 2 2 2 2 2 2 
2409 4 4 4 4 4 4 4 4 4 4 
2410 1 1 1 1 1 1 1 1 1 1 
2411 2 2 2 2 2 2 2 2 2 2 
2412 1 1 1 1 1 1 1 1 1 1 
2413 1 1 1 1 1 1 1 1 1 1 
2414 1 1 1 1 1 1 1 1 1 1 
2415 4 4 4 4 4 4 4 4 4 4 
2416 0 0 0 0 0 0 0 0 0 0 
2417 2 2 2 2 2 2 2 2 2 2 
2418 0 0 0 0 0 0 0 0 0 0 
2419 0 0 0 0 0 0 0 0 0 0 
2420 2 2 2 2 2 2 2 2 2 2 
2421 2 2 2 2 2 2 2 2 2 2 
2422 2 2 2 2 2 2 2 2 2 2 
2423 2 2 2 2 2 2 2 2 2 2 
2424 0 0 0 0 0 0 0 0 0 0 
2425 0 0 0 0 0 0 0 0 0 0 
2426 2 2 2 2 2 2 2 2 2 2 
2427 2 2 2 2 2 2 2 2 2 2 
2428 0 0 0 0 0 0 0 0 0 0 
2429 2 2 2 2 2 2 2 2 2 2 
2430 0 0 0 0 0 0 0 0 0 0 
2431 0 0 0 0 0 0 0 0 0 0 
2432 1 1 1 1 1 1 1 1 1 1 
2433 1 1 1 1 1 1 1 1 1 1 
2434 0 0 0 0 0 0 0 0 0 0 
2435 0 0 0 0 0 0 0 0 0 0 
2436 2 2 2 2 2 2 2 2 2 2 
2437 4 4 4 4 4 4 4 4 4 4 
2438 1 1 1 1 1 1 1 1 1 1 
2439 0 0 0 0 0 0 0 0 0 0 
2440 0 0 0 0 0 0 0 0 0 0 
2441 4 4 4 4 4 4 4 4 4 4 
2442 4 4 4 4 4 4 4 4 4 4 
2443 2 2 2 2 2 2 2 2 2 2 
2444 0 0 0 0 0 0 0 0 0 0 
2445 2 2 2 2 2 2 2 2 2 2 
2446 2 2 2 2 2 2 2 2 2 2 
2447 0 0 0 0 0 0 0 0 0 0 
2448 2 2 2 2 2 2 2 2 2 2 
2449 0 0 0 0 0 0 0 0 0 0 
2450 2 2 2 2 2 2 2 2 2 2 
2451 0 0 0 0 0 0 0 0 0 0 
2452 0 0 0 0 0 0 0 0 0 0 
2453 1 1 1 1 1 1 1 1 1 1 
2454 2 2 2 2 2 2 2 2 2 2 
2455 1 1 1 1 1 1 1 1 1 1 
2456 2 2 2 2 2 2 2 2 2 2 
2457 4 4 4 4 4 4 4 4 4 4 
2458 1 1 1 1 1 1 1 1 1 1 
2459 1 1 1 1 1 1 1 1 1 1 
2460 0 0 0 0 0 0 0 0 0 0 
2461 4 4 4 4 4 4 4 4 4 4 
2462 2 2 2 2 2 2 2 2 2 2 
2463 0 4 0 0 0 0 0 0 0 0 
2464 0 0 0 0 0 0 0 0 0 0 
2465 2 2 2 2 2 2 2 2 2 2 
2466 4 4 4 4 4 4 4 4 4 4 
2467 1 1 1 1 1 1 1 1 1 1 
2468 1 1 1 1 1 1 1 1 1 1 
2469 0 0 0 0 0 0 0 0 0 0 
2470 2 2 2 2 2 2 2 2 2 2 
2471 0 0 0 0 0 0 0 0 0 0 
2472 2 2 2 2 2 2 2 2 2 2 
2473 2 2 2 2 2 2 2 2 2 2 
2474 0 0 0 0 0 0 0 0 0 0 
2475 0 0 0 0 0 0 0 0 0 0 
2476 2 2 2 2 2 2 2 2 2 2 
2477 2 2 2 2 2 2 2 2 2 2 
2478 2 2 2 2 2 2 2 2 2 2 
2479 0 0 0 0 0 0 0 0 0 0 
2480 2 2 2 2 2 2 2 2 2 2 
2481 1 1 1 1 1 1 1 1 1 1 
2482 4 4 4 4 4 4 4 4 4 4 
2483 4 4 4 4 4 4 4 4 4 4 
2484 1 1 1 1 1 1 1 1 1 1 
2485 4 4 4 4 4 4 4 4 4 4 
2486 0 0 0 0 0 0 0 0 0 0 
2487 2 2 2 2 2 2 2 2 2 2 
2488 0 0 0 0 0 0 0 0 0 0 
2489 2 2 2 2 2 2 2 2 2 2 
2490 0 0 0 0 0 0 0 0 0 0 
2491 2 2 2 2 2 2 2 2 2 2 
2492 2 2 2 2 2 2 2 2 2 2 
2493 0 0 0 0 0 0 0 0 0 0 
2494 2 2 2 2 2 2 2 2 2 2 
2495 0 0 0 0 0 0 0 0 0 0 
2496 2 2 2 2 2 2 2 2 2 2 
2497 0 0 0 0 0 0 0 0 0 0 
2498 4 4 4 4 4 4 4 4 4 4 
2499 1 1 1 1 1 1 1 1 1 1 
2500 4 4 4 4 4 4 4 4 4 4 
2501 1 1 1 1 1 1 1 1 1 1 
2502 0 0 0 0 0 0 0 0 0 0 
2503 2 2 2 2 2 2 2 2 2 2 
2504 2 2 2 2 2 2 2 2 2 2 
2505 4 4 4 4 4 4 4 4 4 4 
2506 4 4 4 4 4 4 4 4 4 4 
2507 1 1 1 1 1 1 1 1 1 1 
2508 1 1 1 1 1 1 1 1 1 1 
2509 2 2 2 2 2 2 2 2 2 2 
2510 0 0 0 0 0 0 0 0 0 0 
2511 2 2 2 2 2 2 2 2 2 2 
2512 0 0 0 0 0 0 0 0 0 0 
2513 2 2 2 2 2 2 2 2 2 2 
2514 2 2 2 2 2 2 2 2 2 2 
2515 4 4 4 4 4 4 4 4 4 4 
2516 1 1 1 1 1 1 1 1 1 1 
2517 4 4 4 4 4 4 4 4 4 4 
2518 1 1 1 1 1 1 1 1 1 1 
2519 4 4 4 4 4 4 4 4 4 4 
2520 4 4 4 4 4 4 4 4 4 4 
2521 1 1 1 1 1 1 1 1 1 1 
2522 1 1 1 1 1 1 1 1 1 1 
2523 0 0 0 0 0 0 0 0 0 0 
2524 2 2 2 2 2 2 2 2 2 2 
2525 0 0 0 0 0 0 0 0 0 0 
2526 2 2 2 2 2 2 2 2 2 2 
2527 2 2 2 2 2 2 2 2 2 2 
2528 2 2 2 2 2 2 2 2 2 2 
2529 0 0 0 0 0 0 0 0 0 0 
2530 2 2 2 2 2 2 2 2 2 2 
2531 2 2 2 2 2 2 2 2 2 2 
2532 0 0 0 0 0 0 0 0 0 0 
2533 2 2 2 2 2 2 2 2 2 2 
2534 0 0 0 0 0 0 0 0 0 0 
2535 2 2 2 2 2 2 2 2 2 2 
2536 1 0 1 1 1 1 1 1 1 1 
2537 2 2 2 2 2 2 2 2 2 2 
