1 0 -1 
1 1 -1 
1 2 -1 
1 3 -1 
3 4 2 -1 3 
2 5 3 -1 
3 6 5 3 -1 
1 7 -1 
1 8 -1 
1 9 -1 
1 10 -1 
2 11 10 -1 
3 12 11 10 -1 
2 13 7 -1 
5 14 9 12 11 10 -1 
5 15 -1 12 11 10 13 
1 16 -1 
1 17 -1 
1 18 -1 
1 19 -1 
1 20 -1 
1 21 -1 
1 22 -1 
1 23 -1 
1 24 -1 
2 25 24 -1 
2 26 -1 23 
1 27 -1 
1 28 -1 
1 29 -1 
1 30 -1 
1 31 -1 
1 32 -1 
1 33 -1 
1 34 -1 
1 35 -1 
1 36 -1 
1 37 -1 
1 38 -1 
1 39 -1 
1 40 -1 
1 41 -1 
1 42 -1 
2 43 42 -1 
2 44 -1 42 
4 45 43 42 44 -1 
5 46 45 43 42 -1 44 
1 47 -1 
1 48 -1 
1 49 -1 
1 50 -1 
1 51 -1 
1 52 -1 
3 53 51 -1 52 
2 54 52 -1 
1 55 -1 
2 56 50 -1 
4 57 53 51 50 -1 
3 58 55 56 -1 
5 59 54 52 -1 55 58 
6 60 59 54 52 53 -1 51 
1 61 -1 
1 62 -1 
1 63 -1 
2 64 63 -1 
1 65 -1 
4 66 62 -1 64 63 
2 67 65 -1 
1 68 -1 
1 69 -1 
2 70 69 -1 
1 71 -1 
1 72 -1 
1 73 -1 
1 74 -1 
1 75 -1 
1 76 -1 
1 77 -1 
1 78 -1 
1 79 -1 
1 80 -1 
1 81 -1 
1 82 -1 
1 83 -1 
1 84 -1 
1 85 -1 
1 86 -1 
1 87 -1 
2 88 87 -1 
1 89 -1 
1 90 -1 
1 91 -1 
1 92 -1 
1 93 -1 
1 94 -1 
1 95 -1 
1 96 -1 
1 97 -1 
2 98 -1 97 
1 99 -1 
2 100 96 -1 
3 101 98 -1 96 
3 102 -1 97 99 
1 103 -1 
1 104 -1 
2 105 -1 103 
1 106 -1 
1 107 -1 
1 108 -1 
1 109 -1 
1 110 -1 
1 111 -1 
1 112 -1 
1 113 -1 
1 114 -1 
1 115 -1 
1 116 -1 
1 117 -1 
1 118 -1 
1 119 -1 
1 120 -1 
1 121 -1 
2 122 121 -1 
3 123 -1 122 121 
1 124 -1 
2 125 124 -1 
1 126 -1 
1 127 -1 
1 128 -1 
1 129 -1 
1 130 -1 
2 131 -1 127 
3 132 -1 130 131 
1 133 -1 
1 134 -1 
1 135 -1 
1 136 -1 
1 137 -1 
1 138 -1 
1 139 -1 
1 140 -1 
1 141 -1 
1 142 -1 
1 143 -1 
1 144 -1 
1 145 -1 
1 146 -1 
3 147 145 146 -1 
4 148 147 145 146 -1 
5 149 148 147 145 -1 146 
1 150 -1 
1 151 -1 
1 152 -1 
1 153 -1 
3 154 152 -1 153 
2 155 153 -1 
1 156 -1 
2 157 151 -1 
3 158 156 -1 157 
4 159 -1 151 154 152 
5 160 155 154 -1 153 152 
5 161 155 -1 153 158 156 
4 162 158 156 157 -1 
1 163 -1 
2 164 163 -1 
1 165 -1 
1 166 -1 
1 167 -1 
1 168 -1 
1 169 -1 
1 170 -1 
1 171 -1 
1 172 -1 
1 173 -1 
1 174 -1 
2 175 174 -1 
1 176 -1 
2 177 176 -1 
1 178 -1 
1 179 -1 
1 180 -1 
1 181 -1 
1 182 -1 
1 183 -1 
1 184 -1 
1 185 -1 
1 186 -1 
1 187 -1 
2 188 187 -1 
1 189 -1 
1 190 -1 
1 191 -1 
1 192 -1 
2 193 192 -1 
1 194 -1 
1 195 -1 
1 196 -1 
1 197 -1 
1 198 -1 
1 199 -1 
2 200 199 -1 
1 201 -1 
1 202 -1 
1 203 -1 
1 204 -1 
1 205 -1 
1 206 -1 
2 207 -1 206 
1 208 -1 
1 209 -1 
1 210 -1 
2 211 -1 209 
3 212 211 -1 209 
2 213 -1 209 
1 214 -1 
2 215 214 -1 
1 216 -1 
1 217 -1 
1 218 -1 
1 219 -1 
1 220 -1 
2 221 -1 220 
1 222 -1 
1 223 -1 
1 224 -1 
1 225 -1 
1 226 -1 
2 227 226 -1 
1 228 -1 
1 229 -1 
1 230 -1 
1 231 -1 
1 232 -1 
3 233 230 231 -1 
2 234 229 -1 
3 235 231 232 -1 
4 236 235 231 232 -1 
3 237 232 234 -1 
4 238 237 232 234 -1 
5 239 238 237 232 234 -1 
8 240 236 235 231 239 -1 238 237 232 
3 241 234 -1 229 
4 242 241 234 -1 229 
1 243 -1 
1 244 -1 
1 245 -1 
1 246 -1 
3 247 244 245 -1 
3 248 245 246 -1 
2 249 243 -1 
4 250 243 247 -1 244 
4 251 -1 248 245 246 
3 252 -1 249 246 
1 253 -1 
1 254 -1 
2 255 254 -1 
1 256 -1 
1 257 -1 
1 258 -1 
1 259 -1 
1 260 -1 
1 261 -1 
1 262 -1 
1 263 -1 
1 264 -1 
1 265 -1 
2 266 265 -1 
1 267 -1 
1 268 -1 
2 269 268 -1 
1 270 -1 
1 271 -1 
1 272 -1 
2 273 272 -1 
1 274 -1 
1 275 -1 
1 276 -1 
1 277 -1 
1 278 -1 
1 279 -1 
1 280 -1 
2 281 280 -1 
1 282 -1 
1 283 -1 
1 284 -1 
2 285 284 -1 
1 286 -1 
1 287 -1 
1 288 -1 
1 289 -1 
1 290 -1 
1 291 -1 
2 292 288 -1 
1 293 -1 
1 294 -1 
2 295 294 -1 
3 296 295 294 -1 
1 297 -1 
5 298 296 295 294 297 -1 
2 299 297 -1 
1 300 -1 
4 301 299 297 300 -1 
1 302 -1 
1 303 -1 
1 304 -1 
1 305 -1 
2 306 302 -1 
3 307 303 -1 302 
4 308 306 307 302 -1 
4 309 307 303 -1 302 
6 310 308 306 309 307 302 -1 
5 311 309 307 303 -1 302 
3 312 304 -1 303 
1 313 -1 
1 314 -1 
1 315 -1 
1 316 -1 
1 317 -1 
1 318 -1 
1 319 -1 
1 320 -1 
1 321 -1 
1 322 -1 
2 323 322 -1 
3 324 -1 319 320 
1 325 -1 
1 326 -1 
1 327 -1 
1 328 -1 
1 329 -1 
1 330 -1 
1 331 -1 
1 332 -1 
1 333 -1 
1 334 -1 
1 335 -1 
1 336 -1 
1 337 -1 
2 338 -1 337 
1 339 -1 
1 340 -1 
1 341 -1 
3 342 -1 340 341 
2 343 -1 341 
1 344 -1 
1 345 -1 
2 346 342 -1 
3 347 -1 346 345 
3 348 -1 346 342 
1 349 -1 
1 350 -1 
1 351 -1 
1 352 -1 
1 353 -1 
1 354 -1 
1 355 -1 
2 356 355 -1 
1 357 -1 
2 358 353 -1 
3 359 354 353 -1 
1 360 -1 
1 361 -1 
1 362 -1 
1 363 -1 
1 364 -1 
2 365 -1 364 
1 366 -1 
2 367 366 -1 
2 368 362 -1 
3 369 362 363 -1 
4 370 -1 363 365 364 
5 371 -1 364 367 366 365 
1 372 -1 
1 373 -1 
1 374 -1 
1 375 -1 
1 376 -1 
1 377 -1 
2 378 377 -1 
2 379 374 -1 
3 380 375 374 -1 
4 381 378 377 379 -1 
5 382 381 378 377 379 -1 
1 383 -1 
1 384 -1 
1 385 -1 
1 386 -1 
1 387 -1 
1 388 -1 
1 389 -1 
1 390 -1 
2 391 390 -1 
1 392 -1 
4 393 389 391 390 -1 
4 394 391 390 -1 392 
1 395 -1 
1 396 -1 
1 397 -1 
1 398 -1 
1 399 -1 
1 400 -1 
1 401 -1 
2 402 -1 400 
3 403 -1 401 402 
2 404 -1 402 
1 405 -1 
1 406 -1 
2 407 -1 403 
3 408 404 -1 403 
1 409 -1 
1 410 -1 
1 411 -1 
1 412 -1 
3 413 411 -1 412 
1 414 -1 
1 415 -1 
1 416 -1 
1 417 -1 
1 418 -1 
1 419 -1 
1 420 -1 
1 421 -1 
1 422 -1 
2 423 422 -1 
4 424 423 -1 421 422 
3 425 423 422 -1 
1 426 -1 
2 427 -1 420 
3 428 426 427 -1 
4 429 424 -1 421 420 
6 430 425 423 424 422 -1 421 
6 431 429 424 430 -1 421 420 
1 432 -1 
1 433 -1 
1 434 -1 
1 435 -1 
1 436 -1 
1 437 -1 
1 438 -1 
1 439 -1 
2 440 -1 438 
3 441 440 -1 438 
2 442 -1 438 
1 443 -1 
1 444 -1 
1 445 -1 
1 446 -1 
1 447 -1 
1 448 -1 
1 449 -1 
1 450 -1 
2 451 -1 450 
2 452 -1 450 
1 453 -1 
2 454 453 -1 
1 455 -1 
1 456 -1 
1 457 -1 
1 458 -1 
1 459 -1 
2 460 459 -1 
1 461 -1 
2 462 457 -1 
1 463 -1 
1 464 -1 
1 465 -1 
1 466 -1 
2 467 466 -1 
1 468 -1 
1 469 -1 
1 470 -1 
1 471 -1 
1 472 -1 
1 473 -1 
1 474 -1 
1 475 -1 
1 476 -1 
1 477 -1 
3 478 476 477 -1 
1 479 -1 
3 480 477 479 -1 
2 481 475 -1 
3 482 481 475 -1 
4 483 478 476 475 -1 
4 484 480 477 479 -1 
6 485 484 480 477 478 -1 476 
7 486 485 484 480 477 -1 478 476 
5 487 484 480 477 479 -1 
6 488 479 487 484 480 -1 477 
4 489 479 -1 482 481 
8 490 489 479 488 487 484 480 -1 477 
5 491 482 481 489 -1 479 
1 492 -1 
1 493 -1 
1 494 -1 
1 495 -1 
1 496 -1 
1 497 -1 
2 498 -1 496 
1 499 -1 
1 500 -1 
1 501 -1 
1 502 -1 
1 503 -1 
1 504 -1 
1 505 -1 
3 506 503 504 -1 
3 507 504 505 -1 
5 508 506 503 507 504 -1 
4 509 507 504 505 -1 
2 510 505 -1 
6 511 -1 509 507 504 510 505 
7 512 509 507 504 511 510 505 -1 
3 513 510 505 -1 
4 514 513 510 505 -1 
2 515 502 -1 
5 516 508 506 503 502 -1 
4 517 515 516 502 -1 
1 518 -1 
1 519 -1 
1 520 -1 
1 521 -1 
1 522 -1 
1 523 -1 
1 524 -1 
2 525 -1 523 
1 526 -1 
1 527 -1 
2 528 527 -1 
1 529 -1 
1 530 -1 
1 531 -1 
1 532 -1 
1 533 -1 
2 534 530 -1 
3 535 533 534 -1 
3 536 534 530 -1 
4 537 -1 532 535 533 
5 538 -1 535 533 536 534 
1 539 -1 
1 540 -1 
1 541 -1 
1 542 -1 
1 543 -1 
2 544 543 -1 
1 545 -1 
1 546 -1 
1 547 -1 
1 548 -1 
1 549 -1 
1 550 -1 
1 551 -1 
1 552 -1 
1 553 -1 
1 554 -1 
1 555 -1 
1 556 -1 
2 557 556 -1 
1 558 -1 
1 559 -1 
1 560 -1 
1 561 -1 
1 562 -1 
1 563 -1 
1 564 -1 
1 565 -1 
1 566 -1 
1 567 -1 
1 568 -1 
1 569 -1 
1 570 -1 
1 571 -1 
1 572 -1 
1 573 -1 
1 574 -1 
1 575 -1 
1 576 -1 
1 577 -1 
1 578 -1 
1 579 -1 
1 580 -1 
1 581 -1 
1 582 -1 
1 583 -1 
1 584 -1 
1 585 -1 
1 586 -1 
1 587 -1 
1 588 -1 
1 589 -1 
1 590 -1 
1 591 -1 
3 592 590 -1 591 
4 593 589 592 590 -1 
4 594 592 590 -1 591 
5 595 594 592 590 -1 591 
2 596 591 -1 
2 597 588 -1 
3 598 -1 588 597 
1 599 -1 
1 600 -1 
1 601 -1 
1 602 -1 
1 603 -1 
1 604 -1 
2 605 601 -1 
3 606 602 601 -1 
3 607 603 -1 602 
4 608 607 603 -1 602 
1 609 -1 
1 610 -1 
2 611 610 -1 
1 612 -1 
1 613 -1 
1 614 -1 
1 615 -1 
1 616 -1 
1 617 -1 
1 618 -1 
1 619 -1 
1 620 -1 
1 621 -1 
1 622 -1 
1 623 -1 
1 624 -1 
1 625 -1 
1 626 -1 
1 627 -1 
1 628 -1 
1 629 -1 
2 630 -1 629 
1 631 -1 
2 632 631 -1 
1 633 -1 
1 634 -1 
1 635 -1 
1 636 -1 
1 637 -1 
1 638 -1 
1 639 -1 
1 640 -1 
2 641 638 -1 
3 642 639 -1 638 
3 643 640 -1 639 
2 644 -1 640 
2 645 641 -1 
1 646 -1 
1 647 -1 
1 648 -1 
1 649 -1 
2 650 649 -1 
1 651 -1 
1 652 -1 
1 653 -1 
2 654 653 -1 
1 655 -1 
1 656 -1 
1 657 -1 
1 658 -1 
2 659 658 -1 
1 660 -1 
1 661 -1 
1 662 -1 
1 663 -1 
1 664 -1 
1 665 -1 
1 666 -1 
1 667 -1 
1 668 -1 
1 669 -1 
1 670 -1 
1 671 -1 
1 672 -1 
1 673 -1 
1 674 -1 
1 675 -1 
1 676 -1 
1 677 -1 
1 678 -1 
1 679 -1 
3 680 678 679 -1 
2 681 679 -1 
2 682 -1 681 
1 683 -1 
2 684 -1 683 
1 685 -1 
1 686 -1 
2 687 -1 682 
1 688 -1 
1 689 -1 
1 690 -1 
1 691 -1 
1 692 -1 
3 693 -1 691 690 
1 694 -1 
1 695 -1 
1 696 -1 
2 697 -1 694 
1 698 -1 
1 699 -1 
1 700 -1 
1 701 -1 
1 702 -1 
1 703 -1 
1 704 -1 
1 705 -1 
2 706 705 -1 
1 707 -1 
1 708 -1 
2 709 708 -1 
1 710 -1 
1 711 -1 
1 712 -1 
1 713 -1 
2 714 713 -1 
3 715 714 713 -1 
1 716 -1 
1 717 -1 
1 718 -1 
1 719 -1 
1 720 -1 
1 721 -1 
1 722 -1 
1 723 -1 
1 724 -1 
3 725 -1 722 723 
3 726 -1 723 724 
1 727 -1 
1 728 -1 
1 729 -1 
1 730 -1 
1 731 -1 
2 732 731 -1 
1 733 -1 
1 734 -1 
2 735 734 -1 
1 736 -1 
1 737 -1 
1 738 -1 
2 739 738 -1 
1 740 -1 
1 741 -1 
1 742 -1 
1 743 -1 
1 744 -1 
1 745 -1 
2 746 745 -1 
1 747 -1 
2 748 747 -1 
1 749 -1 
1 750 -1 
1 751 -1 
1 752 -1 
3 753 -1 751 750 
1 754 -1 
1 755 -1 
1 756 -1 
1 757 -1 
1 758 -1 
1 759 -1 
2 760 756 -1 
3 761 757 -1 756 
1 762 -1 
1 763 -1 
2 764 763 -1 
1 765 -1 
1 766 -1 
1 767 -1 
1 768 -1 
2 769 -1 768 
1 770 -1 
1 771 -1 
1 772 -1 
1 773 -1 
1 774 -1 
1 775 -1 
1 776 -1 
1 777 -1 
1 778 -1 
1 779 -1 
1 780 -1 
1 781 -1 
1 782 -1 
1 783 -1 
1 784 -1 
1 785 -1 
1 786 -1 
2 787 786 -1 
1 788 -1 
1 789 -1 
1 790 -1 
1 791 -1 
1 792 -1 
1 793 -1 
1 794 -1 
1 795 -1 
1 796 -1 
1 797 -1 
1 798 -1 
1 799 -1 
1 800 -1 
1 801 -1 
1 802 -1 
1 803 -1 
1 804 -1 
3 805 -1 802 803 
2 806 -1 804 
4 807 -1 803 806 804 
1 808 -1 
1 809 -1 
1 810 -1 
1 811 -1 
1 812 -1 
1 813 -1 
2 814 810 -1 
1 815 -1 
1 816 -1 
2 817 816 -1 
1 818 -1 
1 819 -1 
1 820 -1 
1 821 -1 
1 822 -1 
1 823 -1 
1 824 -1 
1 825 -1 
1 826 -1 
1 827 -1 
1 828 -1 
1 829 -1 
1 830 -1 
1 831 -1 
1 832 -1 
2 833 832 -1 
1 834 -1 
2 835 834 -1 
1 836 -1 
2 837 831 -1 
3 838 836 837 -1 
4 839 833 832 831 -1 
5 840 835 834 833 832 -1 
5 841 838 836 835 834 -1 
6 842 839 833 832 840 831 -1 
4 843 837 838 836 -1 
5 844 842 839 837 831 -1 
6 845 844 842 839 837 831 -1 
7 846 840 -1 842 831 839 833 832 
1 847 -1 
2 848 -1 847 
1 849 -1 
2 850 849 -1 
1 851 -1 
2 852 851 -1 
1 853 -1 
2 854 853 -1 
1 855 -1 
1 856 -1 
1 857 -1 
2 858 857 -1 
3 859 858 857 -1 
1 860 -1 
1 861 -1 
1 862 -1 
1 863 -1 
1 864 -1 
1 865 -1 
2 866 862 -1 
3 867 863 862 -1 
3 868 864 863 -1 
1 869 -1 
1 870 -1 
2 871 870 -1 
1 872 -1 
1 873 -1 
3 874 872 -1 873 
2 875 873 -1 
3 876 875 873 -1 
1 877 -1 
3 878 871 870 -1 
4 879 878 871 870 -1 
5 880 874 872 -1 871 870 
1 881 -1 
1 882 -1 
1 883 -1 
1 884 -1 
1 885 -1 
2 886 -1 885 
1 887 -1 
1 888 -1 
1 889 -1 
1 890 -1 
1 891 -1 
1 892 -1 
2 893 889 -1 
3 894 893 889 -1 
3 895 890 -1 889 
1 896 -1 
1 897 -1 
1 898 -1 
1 899 -1 
2 900 899 -1 
1 901 -1 
1 902 -1 
2 903 902 -1 
1 904 -1 
1 905 -1 
2 906 905 -1 
1 907 -1 
2 908 907 -1 
1 909 -1 
3 910 -1 908 909 
1 911 -1 
1 912 -1 
1 913 -1 
2 914 913 -1 
1 915 -1 
1 916 -1 
1 917 -1 
2 918 917 -1 
1 919 -1 
1 920 -1 
1 921 -1 
1 922 -1 
1 923 -1 
1 924 -1 
1 925 -1 
1 926 -1 
1 927 -1 
1 928 -1 
1 929 -1 
1 930 -1 
1 931 -1 
1 932 -1 
1 933 -1 
1 934 -1 
1 935 -1 
2 936 932 -1 
3 937 935 936 -1 
4 938 934 937 935 -1 
4 939 937 935 936 -1 
5 940 939 937 935 -1 936 
1 941 -1 
1 942 -1 
1 943 -1 
1 944 -1 
1 945 -1 
1 946 -1 
1 947 -1 
1 948 -1 
1 949 -1 
2 950 949 -1 
1 951 -1 
1 952 -1 
1 953 -1 
2 954 953 -1 
1 955 -1 
1 956 -1 
1 957 -1 
1 958 -1 
1 959 -1 
1 960 -1 
2 961 -1 960 
2 962 960 -1 
1 963 -1 
2 964 963 -1 
1 965 -1 
1 966 -1 
1 967 -1 
1 968 -1 
2 969 968 -1 
1 970 -1 
1 971 -1 
2 972 -1 971 
1 973 -1 
1 974 -1 
1 975 -1 
1 976 -1 
1 977 -1 
1 978 -1 
2 979 978 -1 
1 980 -1 
1 981 -1 
3 982 980 981 -1 
4 983 982 980 981 -1 
5 984 983 982 980 981 -1 
2 985 981 -1 
2 986 977 -1 
4 987 985 981 986 -1 
3 988 986 977 -1 
4 989 979 978 977 -1 
5 990 989 -1 977 979 978 
1 991 -1 
1 992 -1 
1 993 -1 
1 994 -1 
1 995 -1 
1 996 -1 
1 997 -1 
1 998 -1 
1 999 -1 
1 1000 -1 
1 1001 -1 
1 1002 -1 
1 1003 -1 
1 1004 -1 
1 1005 -1 
1 1006 -1 
1 1007 -1 
1 1008 -1 
1 1009 -1 
1 1010 -1 
1 1011 -1 
1 1012 -1 
1 1013 -1 
1 1014 -1 
1 1015 -1 
1 1016 -1 
1 1017 -1 
1 1018 -1 
1 1019 -1 
1 1020 -1 
1 1021 -1 
1 1022 -1 
1 1023 -1 
2 1024 1023 -1 
1 1025 -1 
1 1026 -1 
1 1027 -1 
1 1028 -1 
1 1029 -1 
1 1030 -1 
1 1031 -1 
2 1032 -1 1030 
2 1033 -1 1030 
1 1034 -1 
1 1035 -1 
1 1036 -1 
2 1037 1036 -1 
1 1038 -1 
1 1039 -1 
1 1040 -1 
1 1041 -1 
1 1042 -1 
1 1043 -1 
1 1044 -1 
1 1045 -1 
1 1046 -1 
1 1047 -1 
3 1048 1046 1047 -1 
1 1049 -1 
1 1050 -1 
1 1051 -1 
1 1052 -1 
1 1053 -1 
1 1054 -1 
1 1055 -1 
1 1056 -1 
1 1057 -1 
1 1058 -1 
1 1059 -1 
1 1060 -1 
1 1061 -1 
3 1062 -1 1060 1061 
1 1063 -1 
1 1064 -1 
1 1065 -1 
1 1066 -1 
1 1067 -1 
1 1068 -1 
2 1069 1068 -1 
1 1070 -1 
1 1071 -1 
1 1072 -1 
1 1073 -1 
1 1074 -1 
1 1075 -1 
2 1076 1075 -1 
1 1077 -1 
1 1078 -1 
1 1079 -1 
1 1080 -1 
1 1081 -1 
1 1082 -1 
1 1083 -1 
1 1084 -1 
1 1085 -1 
1 1086 -1 
1 1087 -1 
1 1088 -1 
1 1089 -1 
1 1090 -1 
1 1091 -1 
1 1092 -1 
1 1093 -1 
1 1094 -1 
1 1095 -1 
2 1096 -1 1094 
1 1097 -1 
1 1098 -1 
1 1099 -1 
2 1100 1099 -1 
1 1101 -1 
1 1102 -1 
1 1103 -1 
1 1104 -1 
1 1105 -1 
1 1106 -1 
1 1107 -1 
2 1108 1107 -1 
1 1109 -1 
2 1110 1109 -1 
5 1111 1108 1107 -1 1110 1109 
3 1112 1110 1109 -1 
4 1113 1112 1110 1109 -1 
1 1114 -1 
1 1115 -1 
1 1116 -1 
1 1117 -1 
1 1118 -1 
1 1119 -1 
1 1120 -1 
2 1121 1120 -1 
1 1122 -1 
1 1123 -1 
1 1124 -1 
2 1125 -1 1124 
1 1126 -1 
1 1127 -1 
1 1128 -1 
1 1129 -1 
1 1130 -1 
1 1131 -1 
1 1132 -1 
1 1133 -1 
1 1134 -1 
1 1135 -1 
1 1136 -1 
1 1137 -1 
1 1138 -1 
1 1139 -1 
1 1140 -1 
1 1141 -1 
1 1142 -1 
1 1143 -1 
1 1144 -1 
2 1145 1144 -1 
1 1146 -1 
2 1147 1146 -1 
4 1148 1143 -1 1145 1144 
5 1149 1145 1144 -1 1147 1146 
1 1150 -1 
1 1151 -1 
1 1152 -1 
1 1153 -1 
1 1154 -1 
1 1155 -1 
3 1156 -1 1154 1155 
2 1157 -1 1155 
3 1158 1157 -1 1155 
4 1159 1158 1157 -1 1155 
5 1160 1159 1158 1157 -1 1155 
1 1161 -1 
1 1162 -1 
1 1163 -1 
1 1164 -1 
1 1165 -1 
1 1166 -1 
1 1167 -1 
2 1168 1167 -1 
1 1169 -1 
1 1170 -1 
1 1171 -1 
1 1172 -1 
1 1173 -1 
1 1174 -1 
1 1175 -1 
1 1176 -1 
1 1177 -1 
1 1178 -1 
1 1179 -1 
1 1180 -1 
1 1181 -1 
1 1182 -1 
1 1183 -1 
1 1184 -1 
1 1185 -1 
1 1186 -1 
2 1187 1186 -1 
1 1188 -1 
2 1189 1188 -1 
1 1190 -1 
1 1191 -1 
1 1192 -1 
1 1193 -1 
1 1194 -1 
1 1195 -1 
2 1196 1195 -1 
3 1197 1196 1195 -1 
1 1198 -1 
2 1199 -1 1198 
1 1200 -1 
1 1201 -1 
2 1202 1201 -1 
1 1203 -1 
4 1204 1202 1201 -1 1203 
2 1205 1203 -1 
1 1206 -1 
1 1207 -1 
1 1208 -1 
1 1209 -1 
1 1210 -1 
2 1211 1210 -1 
1 1212 -1 
1 1213 -1 
1 1214 -1 
1 1215 -1 
1 1216 -1 
1 1217 -1 
1 1218 -1 
1 1219 -1 
1 1220 -1 
1 1221 -1 
1 1222 -1 
1 1223 -1 
2 1224 1221 -1 
2 1225 1222 -1 
3 1226 1225 1222 -1 
3 1227 1223 1222 -1 
5 1228 1226 1225 1222 -1 1227 
1 1229 -1 
1 1230 -1 
1 1231 -1 
1 1232 -1 
1 1233 -1 
1 1234 -1 
1 1235 -1 
1 1236 -1 
2 1237 1233 -1 
3 1238 1237 1233 -1 
1 1239 -1 
1 1240 -1 
1 1241 -1 
1 1242 -1 
2 1243 1239 -1 
3 1244 1240 -1 1239 
3 1245 1241 -1 1240 
5 1246 1244 1240 1245 -1 1239 
4 1247 1245 1241 -1 1240 
3 1248 1242 1241 -1 
3 1249 1243 1242 -1 
4 1250 1249 1243 1242 -1 
6 1251 1248 1242 1250 1249 -1 1241 
1 1252 -1 
1 1253 -1 
1 1254 -1 
1 1255 -1 
2 1256 1252 -1 
3 1257 1256 1252 -1 
1 1258 -1 
1 1259 -1 
1 1260 -1 
1 1261 -1 
1 1262 -1 
1 1263 -1 
1 1264 -1 
2 1265 1264 -1 
1 1266 -1 
1 1267 -1 
1 1268 -1 
1 1269 -1 
1 1270 -1 
2 1271 1270 -1 
1 1272 -1 
1 1273 -1 
1 1274 -1 
2 1275 1274 -1 
3 1276 1275 1274 -1 
5 1277 1273 1276 1275 1274 -1 
1 1278 -1 
4 1279 1272 -1 1277 1273 
6 1280 1277 1273 1276 1275 -1 1274 
5 1281 1276 1275 1274 -1 1278 
3 1282 1279 -1 1272 
4 1283 1282 1279 -1 1272 
1 1284 -1 
1 1285 -1 
1 1286 -1 
1 1287 -1 
1 1288 -1 
1 1289 -1 
2 1290 1289 -1 
3 1291 1290 1289 -1 
2 1292 1289 -1 
3 1293 1292 1289 -1 
1 1294 -1 
2 1295 1288 -1 
1 1296 -1 
1 1297 -1 
1 1298 -1 
1 1299 -1 
2 1300 1296 -1 
3 1301 1297 1296 -1 
4 1302 1301 1297 -1 1296 
1 1303 -1 
1 1304 -1 
1 1305 -1 
1 1306 -1 
1 1307 -1 
1 1308 -1 
1 1309 -1 
2 1310 -1 1306 
3 1311 -1 1307 1306 
3 1312 1308 -1 1307 
3 1313 1309 1310 -1 
4 1314 1310 1311 -1 1306 
4 1315 1312 1308 -1 1307 
4 1316 1313 1309 -1 1308 
5 1317 1314 1310 1313 1309 -1 
6 1318 1316 1313 1317 1309 -1 1308 
6 1319 1317 1314 1310 -1 1313 1309 
1 1320 -1 
1 1321 -1 
1 1322 -1 
1 1323 -1 
1 1324 -1 
3 1325 1323 1324 -1 
2 1326 1324 -1 
1 1327 -1 
2 1328 1327 -1 
3 1329 1328 1327 -1 
2 1330 1322 -1 
4 1331 1325 1323 1322 -1 
4 1332 1330 1331 1322 -1 
5 1333 1326 -1 1324 1325 1323 
6 1334 1329 1328 1327 -1 1326 1324 
1 1335 -1 
1 1336 -1 
1 1337 -1 
1 1338 -1 
1 1339 -1 
1 1340 -1 
1 1341 -1 
1 1342 -1 
1 1343 -1 
1 1344 -1 
1 1345 -1 
2 1346 1345 -1 
1 1347 -1 
2 1348 1347 -1 
1 1349 -1 
1 1350 -1 
1 1351 -1 
1 1352 -1 
1 1353 -1 
3 1354 1351 -1 1352 
3 1355 1353 1352 -1 
2 1356 1353 -1 
3 1357 1356 1353 -1 
4 1358 1357 1356 1353 -1 
2 1359 1350 -1 
5 1360 1355 1354 -1 1352 1351 
7 1361 1352 -1 1355 1358 1357 1356 1353 
5 1362 1354 1360 1351 -1 1350 
7 1363 1360 1361 1355 1354 -1 1352 1351 
8 1364 -1 1358 1357 1356 1353 1361 1355 1352 
6 1365 -1 1359 1358 1357 1356 1353 
4 1366 1362 -1 1359 1350 
7 1367 1363 -1 1360 1362 1354 1350 1351 
9 1368 1364 -1 1363 1360 1354 1361 1355 1351 1352 
10 1369 1365 -1 1364 1361 1355 1358 1357 1356 1353 1352 
11 1370 1368 1369 -1 1364 1363 1360 1354 1361 1355 1351 1352 
11 1371 1369 1365 -1 1364 1361 1355 1358 1357 1356 1353 1352 
1 1372 -1 
1 1373 -1 
1 1374 -1 
1 1375 -1 
1 1376 -1 
1 1377 -1 
1 1378 -1 
1 1379 -1 
1 1380 -1 
1 1381 -1 
3 1382 1379 -1 1380 
2 1383 1381 -1 
4 1384 1382 1379 -1 1380 
4 1385 1380 -1 1383 1381 
2 1386 1378 -1 
5 1387 1379 1384 1382 -1 1378 
5 1388 -1 1380 1385 1383 1381 
1 1389 -1 
1 1390 -1 
2 1391 1390 -1 
1 1392 -1 
1 1393 -1 
3 1394 -1 1392 1393 
1 1395 -1 
1 1396 -1 
1 1397 -1 
2 1398 1397 -1 
1 1399 -1 
2 1400 -1 1399 
2 1401 -1 1399 
1 1402 -1 
2 1403 1402 -1 
1 1404 -1 
2 1405 1404 -1 
1 1406 -1 
1 1407 -1 
1 1408 -1 
1 1409 -1 
1 1410 -1 
1 1411 -1 
1 1412 -1 
1 1413 -1 
1 1414 -1 
2 1415 1414 -1 
1 1416 -1 
1 1417 -1 
1 1418 -1 
2 1419 -1 1418 
1 1420 -1 
1 1421 -1 
1 1422 -1 
3 1423 1420 1421 -1 
2 1424 1419 -1 
3 1425 1421 1422 -1 
4 1426 1425 1421 1422 -1 
4 1427 1423 1420 1419 -1 
1 1428 -1 
1 1429 -1 
1 1430 -1 
1 1431 -1 
1 1432 -1 
1 1433 -1 
2 1434 1433 -1 
1 1435 -1 
1 1436 -1 
1 1437 -1 
2 1438 1437 -1 
3 1439 1438 1437 -1 
1 1440 -1 
2 1441 1440 -1 
3 1442 1441 1440 -1 
2 1443 1435 -1 
3 1444 1436 -1 1435 
5 1445 1439 1438 1437 1436 -1 
4 1446 1443 1444 1435 -1 
5 1447 1444 1445 1436 -1 1435 
6 1448 1445 1439 1438 1437 1436 -1 
6 1449 1446 1443 1447 1444 1435 -1 
7 1450 1447 1444 1448 1445 1436 -1 1435 
7 1451 1448 1445 1439 1438 1437 -1 1436 
7 1452 1442 1441 1440 -1 1439 1438 1437 
9 1453 1451 1448 1452 1445 1439 1438 1437 -1 1436 
8 1454 1452 1442 1441 1440 -1 1439 1438 1437 
11 1455 1453 1451 1454 1448 1452 1445 1439 1438 -1 1437 1436 
7 1456 1449 1446 1443 -1 1442 1441 1440 
10 1457 1454 1452 1456 1442 1441 1440 -1 1439 1438 1437 
8 1458 1450 1447 1444 1449 1446 -1 1443 1435 
9 1459 1456 1458 1449 1446 1443 -1 1442 1441 1440 
10 1460 1458 1459 -1 1456 1442 1441 1440 1449 1446 1443 
9 1461 1458 -1 1449 1446 1450 1443 1447 1444 1435 
11 1462 -1 1450 1455 1447 1453 1444 1451 1448 1445 1436 1435 
13 1463 1455 1453 1451 -1 1457 1454 1448 1452 1445 1439 1438 1437 1436 
11 1464 1461 1462 -1 1458 1449 1446 1450 1443 1447 1444 1435 
1 1465 -1 
1 1466 -1 
1 1467 -1 
2 1468 1465 -1 
3 1469 -1 1465 1466 
4 1470 1469 -1 1465 1466 
2 1471 1468 -1 
1 1472 -1 
1 1473 -1 
1 1474 -1 
3 1475 1473 1474 -1 
2 1476 1474 -1 
3 1477 1476 1474 -1 
4 1478 1477 1476 1474 -1 
3 1479 -1 1478 1477 
3 1480 -1 1478 1477 
2 1481 1480 -1 
1 1482 -1 
1 1483 -1 
2 1484 -1 1479 
4 1485 1481 -1 1480 1479 
3 1486 1483 1484 -1 
5 1487 1485 1481 -1 1480 1479 
4 1488 1482 -1 1481 1480 
5 1489 1488 1482 -1 1481 1480 
4 1490 1486 1483 1482 -1 
5 1491 1490 1486 1483 1482 -1 
5 1492 1484 1487 1485 -1 1479 
6 1493 1491 1490 1486 1483 1482 -1 
5 1494 1492 1484 1486 1483 -1 
6 1495 1494 1492 1484 1486 1483 -1 
7 1496 1495 1494 1492 1484 1486 1483 -1 
8 1497 1496 1495 1494 1492 1484 1486 1483 -1 
6 1498 1487 1485 1492 1484 -1 1479 
8 1499 -1 1489 1488 1487 1479 1485 1481 1480 
9 1500 1493 1491 1490 -1 1489 1488 1481 1482 1480 
8 1501 1498 1487 1485 1492 1499 1484 -1 1479 
10 1502 1500 -1 1493 1491 1490 1489 1488 1481 1482 1480 
11 1503 1500 1502 1493 1491 1490 -1 1489 1488 1481 1482 1480 
11 1504 1497 1496 1495 1494 -1 1482 1493 1491 1490 1486 1483 
11 1505 1501 1498 1497 1486 -1 1496 1495 1483 1494 1492 1484 
9 1506 1501 1498 1487 1485 1492 1499 1484 -1 1479 
13 1507 1506 1505 1501 1498 -1 1497 1486 1496 1495 1483 1494 1492 1484 
1 1508 -1 
1 1509 -1 
1 1510 -1 
1 1511 -1 
1 1512 -1 
2 1513 1512 -1 
3 1514 1513 1512 -1 
1 1515 -1 
1 1516 -1 
1 1517 -1 
1 1518 -1 
1 1519 -1 
1 1520 -1 
1 1521 -1 
1 1522 -1 
1 1523 -1 
2 1524 1523 -1 
1 1525 -1 
2 1526 -1 1522 
3 1527 1525 1526 -1 
1 1528 -1 
1 1529 -1 
1 1530 -1 
1 1531 -1 
1 1532 -1 
1 1533 -1 
1 1534 -1 
1 1535 -1 
1 1536 -1 
1 1537 -1 
1 1538 -1 
1 1539 -1 
2 1540 -1 1538 
1 1541 -1 
1 1542 -1 
1 1543 -1 
1 1544 -1 
1 1545 -1 
1 1546 -1 
2 1547 1546 -1 
2 1548 1543 -1 
4 1549 1547 1546 1548 -1 
3 1550 1544 -1 1543 
3 1551 1545 -1 1544 
4 1552 1551 1545 -1 1544 
1 1553 -1 
1 1554 -1 
1 1555 -1 
1 1556 -1 
1 1557 -1 
2 1558 -1 1557 
1 1559 -1 
1 1560 -1 
1 1561 -1 
2 1562 1561 -1 
1 1563 -1 
1 1564 -1 
1 1565 -1 
1 1566 -1 
1 1567 -1 
2 1568 1567 -1 
2 1569 -1 1564 
1 1570 -1 
1 1571 -1 
1 1572 -1 
1 1573 -1 
1 1574 -1 
1 1575 -1 
1 1576 -1 
2 1577 1573 -1 
3 1578 1575 1576 -1 
3 1579 1577 1573 -1 
4 1580 1578 1574 -1 1575 
4 1581 1578 1575 -1 1576 
4 1582 1576 1579 -1 1577 
5 1583 1582 1576 1579 -1 1577 
6 1584 1583 1582 1576 1579 -1 1577 
1 1585 -1 
1 1586 -1 
1 1587 -1 
1 1588 -1 
1 1589 -1 
1 1590 -1 
1 1591 -1 
2 1592 1591 -1 
2 1593 -1 1589 
2 1594 1593 -1 
3 1595 1594 1593 -1 
3 1596 1589 -1 1590 
4 1597 1596 1589 1593 -1 
5 1598 1597 1596 1589 1593 -1 
4 1599 1596 -1 1589 1590 
1 1600 -1 
1 1601 -1 
1 1602 -1 
1 1603 -1 
1 1604 -1 
1 1605 -1 
2 1606 1605 -1 
1 1607 -1 
1 1608 -1 
1 1609 -1 
1 1610 -1 
1 1611 -1 
1 1612 -1 
1 1613 -1 
1 1614 -1 
1 1615 -1 
1 1616 -1 
1 1617 -1 
1 1618 -1 
1 1619 -1 
1 1620 -1 
1 1621 -1 
1 1622 -1 
2 1623 1619 -1 
3 1624 1620 -1 1619 
3 1625 1621 -1 1620 
4 1626 1623 1624 -1 1619 
5 1627 1624 1625 1620 -1 1619 
4 1628 1626 1622 -1 1623 
4 1629 1625 1621 -1 1620 
6 1630 1626 1627 1623 1624 -1 1619 
7 1631 1630 1626 1627 1623 1624 -1 1619 
7 1632 1627 1624 1629 1625 -1 1620 1619 
8 1633 1632 1627 1624 1629 1625 -1 1620 1619 
5 1634 1629 1625 1621 -1 1620 
1 1635 -1 
1 1636 -1 
1 1637 -1 
1 1638 -1 
1 1639 -1 
1 1640 -1 
1 1641 -1 
1 1642 -1 
1 1643 -1 
3 1644 -1 1643 1642 
2 1645 -1 1643 
1 1646 -1 
1 1647 -1 
2 1648 1647 -1 
1 1649 -1 
1 1650 -1 
1 1651 -1 
1 1652 -1 
1 1653 -1 
1 1654 -1 
1 1655 -1 
1 1656 -1 
1 1657 -1 
1 1658 -1 
1 1659 -1 
1 1660 -1 
1 1661 -1 
1 1662 -1 
1 1663 -1 
1 1664 -1 
1 1665 -1 
1 1666 -1 
1 1667 -1 
1 1668 -1 
1 1669 -1 
1 1670 -1 
1 1671 -1 
1 1672 -1 
1 1673 -1 
1 1674 -1 
1 1675 -1 
1 1676 -1 
1 1677 -1 
1 1678 -1 
1 1679 -1 
2 1680 1676 -1 
3 1681 1680 1676 -1 
3 1682 -1 1677 1678 
1 1683 -1 
1 1684 -1 
1 1685 -1 
1 1686 -1 
1 1687 -1 
1 1688 -1 
2 1689 1688 -1 
1 1690 -1 
1 1691 -1 
1 1692 -1 
1 1693 -1 
1 1694 -1 
1 1695 -1 
1 1696 -1 
1 1697 -1 
2 1698 1697 -1 
1 1699 -1 
1 1700 -1 
1 1701 -1 
2 1702 1701 -1 
1 1703 -1 
1 1704 -1 
1 1705 -1 
1 1706 -1 
3 1707 -1 1705 1706 
1 1708 -1 
1 1709 -1 
1 1710 -1 
1 1711 -1 
2 1712 1711 -1 
1 1713 -1 
1 1714 -1 
2 1715 1714 -1 
1 1716 -1 
1 1717 -1 
1 1718 -1 
1 1719 -1 
1 1720 -1 
1 1721 -1 
1 1722 -1 
1 1723 -1 
2 1724 1723 -1 
1 1725 -1 
1 1726 -1 
1 1727 -1 
1 1728 -1 
1 1729 -1 
1 1730 -1 
3 1731 1729 1730 -1 
1 1732 -1 
1 1733 -1 
1 1734 -1 
1 1735 -1 
1 1736 -1 
3 1737 1735 -1 1736 
1 1738 -1 
3 1739 1736 -1 1738 
4 1740 1739 1736 1738 -1 
2 1741 1738 -1 
6 1742 1740 1739 1736 -1 1738 1741 
1 1743 -1 
1 1744 -1 
1 1745 -1 
1 1746 -1 
2 1747 1743 -1 
3 1748 1746 1747 -1 
4 1749 1745 1748 1746 -1 
3 1750 1744 -1 1743 
1 1751 -1 
1 1752 -1 
1 1753 -1 
1 1754 -1 
1 1755 -1 
2 1756 1755 -1 
1 1757 -1 
1 1758 -1 
2 1759 -1 1754 
3 1760 1759 -1 1754 
4 1761 1760 1759 -1 1754 
4 1762 -1 1754 1756 1755 
4 1763 -1 1756 1755 1757 
5 1764 1763 -1 1756 1755 1757 
3 1765 1758 -1 1757 
1 1766 -1 
1 1767 -1 
1 1768 -1 
1 1769 -1 
1 1770 -1 
1 1771 -1 
1 1772 -1 
1 1773 -1 
1 1774 -1 
1 1775 -1 
3 1776 -1 1774 1775 
1 1777 -1 
1 1778 -1 
2 1779 1778 -1 
1 1780 -1 
1 1781 -1 
1 1782 -1 
3 1783 -1 1780 1781 
1 1784 -1 
1 1785 -1 
1 1786 -1 
1 1787 -1 
1 1788 -1 
1 1789 -1 
1 1790 -1 
3 1791 1789 1790 -1 
2 1792 1790 -1 
2 1793 1787 -1 
4 1794 1788 1791 1789 -1 
4 1795 1794 1788 1787 -1 
4 1796 1793 1795 1787 -1 
5 1797 1795 1794 1788 1787 -1 
5 1798 1791 1789 1794 1788 -1 
6 1799 1798 1791 1789 1794 1788 -1 
5 1800 1792 1790 1791 1789 -1 
8 1801 1799 1798 1791 1800 1789 1794 1788 -1 
5 1802 1796 1793 1792 1790 -1 
7 1803 1800 1802 1792 1790 1791 1789 -1 
6 1804 1797 1795 -1 1796 1793 1787 
10 1805 1801 1799 1798 1803 1791 1800 1789 1794 -1 1788 
8 1806 1803 1800 1802 1792 1790 1791 -1 1789 
7 1807 1802 1804 1796 1793 1792 1790 -1 
7 1808 1804 -1 1797 1795 1796 1793 1787 
10 1809 1805 -1 1801 1799 1798 1797 1795 1794 1787 1788 
12 1810 1806 -1 1803 1800 1805 1794 1801 1799 1788 1798 1791 1789 
10 1811 1807 -1 1802 1806 1803 1791 1800 1789 1792 1790 
4 1812 -1 1811 1807 1806 
1 1813 -1 
1 1814 -1 
2 1815 -1 1814 
1 1816 -1 
2 1817 -1 1816 
1 1818 -1 
1 1819 -1 
1 1820 -1 
2 1821 -1 1818 
1 1822 -1 
1 1823 -1 
2 1824 -1 1823 
1 1825 -1 
2 1826 1825 -1 
1 1827 -1 
1 1828 -1 
1 1829 -1 
1 1830 -1 
2 1831 1830 -1 
1 1832 -1 
4 1833 1831 1830 1832 -1 
1 1834 -1 
1 1835 -1 
1 1836 -1 
1 1837 -1 
2 1838 1837 -1 
2 1839 -1 1834 
3 1840 1835 -1 1834 
3 1841 1836 1835 -1 
4 1842 -1 1836 1838 1837 
1 1843 -1 
1 1844 -1 
2 1845 1844 -1 
1 1846 -1 
4 1847 -1 1846 1845 1844 
2 1848 -1 1846 
1 1849 -1 
1 1850 -1 
1 1851 -1 
1 1852 -1 
1 1853 -1 
1 1854 -1 
1 1855 -1 
1 1856 -1 
1 1857 -1 
1 1858 -1 
1 1859 -1 
1 1860 -1 
1 1861 -1 
2 1862 1861 -1 
1 1863 -1 
4 1864 1862 1861 -1 1863 
2 1865 1863 -1 
1 1866 -1 
2 1867 1866 -1 
1 1868 -1 
1 1869 -1 
1 1870 -1 
1 1871 -1 
1 1872 -1 
1 1873 -1 
1 1874 -1 
1 1875 -1 
1 1876 -1 
1 1877 -1 
1 1878 -1 
1 1879 -1 
2 1880 1879 -1 
1 1881 -1 
1 1882 -1 
1 1883 -1 
1 1884 -1 
1 1885 -1 
2 1886 1885 -1 
2 1887 1882 -1 
3 1888 1887 1882 -1 
1 1889 -1 
1 1890 -1 
1 1891 -1 
1 1892 -1 
3 1893 1891 -1 1892 
2 1894 -1 1892 
1 1895 -1 
1 1896 -1 
2 1897 1896 -1 
1 1898 -1 
2 1899 1898 -1 
3 1900 1899 1898 -1 
1 1901 -1 
1 1902 -1 
1 1903 -1 
1 1904 -1 
1 1905 -1 
1 1906 -1 
1 1907 -1 
1 1908 -1 
1 1909 -1 
1 1910 -1 
1 1911 -1 
1 1912 -1 
1 1913 -1 
1 1914 -1 
1 1915 -1 
1 1916 -1 
1 1917 -1 
2 1918 1917 -1 
2 1919 -1 1915 
2 1920 1919 -1 
3 1921 1920 1919 -1 
4 1922 1921 1920 1919 -1 
3 1923 1919 1915 -1 
4 1924 1923 1919 1915 -1 
5 1925 1924 1923 1919 1915 -1 
6 1926 1925 1924 1923 -1 1919 1915 
3 1927 1916 -1 1915 
1 1928 -1 
1 1929 -1 
1 1930 -1 
1 1931 -1 
1 1932 -1 
1 1933 -1 
1 1934 -1 
1 1935 -1 
1 1936 -1 
1 1937 -1 
1 1938 -1 
1 1939 -1 
1 1940 -1 
1 1941 -1 
1 1942 -1 
1 1943 -1 
1 1944 -1 
1 1945 -1 
1 1946 -1 
3 1947 1945 -1 1946 
2 1948 1946 -1 
1 1949 -1 
1 1950 -1 
1 1951 -1 
1 1952 -1 
1 1953 -1 
1 1954 -1 
1 1955 -1 
1 1956 -1 
1 1957 -1 
1 1958 -1 
1 1959 -1 
2 1960 1959 -1 
1 1961 -1 
2 1962 1961 -1 
4 1963 1958 1960 1959 -1 
2 1964 1957 -1 
4 1965 1957 -1 1963 1958 
1 1966 -1 
1 1967 -1 
1 1968 -1 
1 1969 -1 
2 1970 1969 -1 
1 1971 -1 
1 1972 -1 
1 1973 -1 
1 1974 -1 
1 1975 -1 
1 1976 -1 
1 1977 -1 
2 1978 -1 1977 
1 1979 -1 
1 1980 -1 
1 1981 -1 
1 1982 -1 
1 1983 -1 
1 1984 -1 
1 1985 -1 
1 1986 -1 
1 1987 -1 
1 1988 -1 
1 1989 -1 
2 1990 1986 -1 
1 1991 -1 
1 1992 -1 
1 1993 -1 
1 1994 -1 
3 1995 1993 -1 1994 
2 1996 1994 -1 
1 1997 -1 
2 1998 -1 1992 
4 1999 1993 1995 -1 1992 
1 2000 -1 
1 2001 -1 
1 2002 -1 
1 2003 -1 
1 2004 -1 
1 2005 -1 
1 2006 -1 
1 2007 -1 
1 2008 -1 
1 2009 -1 
1 2010 -1 
1 2011 -1 
1 2012 -1 
1 2013 -1 
1 2014 -1 
1 2015 -1 
1 2016 -1 
3 2017 2015 2014 -1 
1 2018 -1 
1 2019 -1 
1 2020 -1 
2 2021 2020 -1 
1 2022 -1 
4 2023 2021 2020 2022 -1 
2 2024 2022 -1 
1 2025 -1 
2 2026 2025 -1 
2 2027 2019 -1 
5 2028 2024 2022 2026 2025 -1 
3 2029 2027 2019 -1 
1 2030 -1 
1 2031 -1 
1 2032 -1 
1 2033 -1 
1 2034 -1 
2 2035 2031 -1 
3 2036 2035 2031 -1 
3 2037 2032 -1 2031 
3 2038 2033 2032 -1 
1 2039 -1 
1 2040 -1 
1 2041 -1 
1 2042 -1 
1 2043 -1 
2 2044 -1 2040 
1 2045 -1 
1 2046 -1 
2 2047 -1 2046 
1 2048 -1 
2 2049 2048 -1 
1 2050 -1 
2 2051 2050 -1 
2 2052 -1 2045 
4 2053 2047 2046 -1 2045 
5 2054 2049 2048 -1 2050 2051 
5 2055 2053 2047 2046 -1 2045 
6 2056 2054 2049 2048 -1 2046 2047 
7 2057 2056 2054 2049 2048 -1 2046 2047 
4 2058 2051 -1 2050 2052 
7 2059 2058 2051 2050 2054 -1 2049 2048 
9 2060 2057 2056 2059 2054 2049 2048 -1 2046 2047 
1 2061 -1 
1 2062 -1 
1 2063 -1 
2 2064 2063 -1 
1 2065 -1 
2 2066 2065 -1 
4 2067 2062 2064 2063 -1 
2 2068 2061 -1 
5 2069 2064 2063 2066 2065 -1 
4 2070 2067 2062 2061 -1 
6 2071 2069 2064 2063 2067 2062 -1 
6 2072 2069 2064 2063 2066 -1 2065 
4 2073 2066 2065 2068 -1 
8 2074 2072 2071 2069 2064 2063 2067 2062 -1 
4 2075 2068 2061 2070 -1 
6 2076 2073 2066 2075 2065 2068 -1 
7 2077 2076 2073 2066 2075 2065 2068 -1 
8 2078 2077 2076 2073 2066 2075 2065 -1 2068 
5 2079 2075 2068 2061 2070 -1 
9 2080 2074 2072 2071 2069 2064 2063 2067 2062 -1 
11 2081 2078 2077 2076 2073 2066 2065 2072 2069 2064 2063 -1 
10 2082 2079 2075 2068 2078 2077 2076 2073 2066 2065 -1 
11 2083 2082 2079 2075 2068 2078 2077 2076 2073 2066 2065 -1 
8 2084 2070 2080 2067 2074 2062 2071 -1 2061 
9 2085 2084 2070 2080 2067 2074 2062 -1 2071 2061 
8 2086 2079 2085 2075 2084 2068 -1 2061 2070 
11 2087 2080 2074 2072 2071 2069 2081 -1 2064 2063 2067 2062 
11 2088 2085 2084 2087 2070 2080 2067 -1 2074 2062 2071 2061 
12 2089 2087 2080 2074 2072 2071 2069 2081 -1 2064 2063 2067 2062 
13 2090 2088 2085 2089 2084 2087 2070 2080 -1 2067 2074 2062 2071 2061 
13 2091 2089 2087 2080 -1 2074 2072 2071 2069 2081 2064 2063 2067 2062 
14 2092 -1 2083 2082 2072 2069 2081 2078 2077 2076 2064 2063 2073 2066 2065 
13 2093 -1 2086 2078 2077 2076 2073 2083 2082 2079 2066 2065 2075 2068 
11 2094 -1 2086 2090 2088 2079 2085 2075 2084 2068 2061 2070 
15 2095 -1 2090 2088 2091 2085 2084 2089 2087 2070 2080 2067 2074 2062 2071 2061 
15 2096 2092 2091 -1 2089 2087 2080 2074 2072 2071 2069 2081 2064 2063 2067 2062 
16 2097 2096 2092 2091 -1 2089 2087 2080 2074 2072 2071 2069 2081 2064 2063 2067 2062 
16 2098 2095 2097 2096 2090 -1 2088 2091 2085 2089 2084 2087 2070 2080 2067 2074 2071 
2 2099 -1 2093 
3 2100 -1 2093 2094 
1 2101 -1 
1 2102 -1 
2 2103 2102 -1 
1 2104 -1 
1 2105 -1 
1 2106 -1 
1 2107 -1 
1 2108 -1 
3 2109 2107 -1 2108 
2 2110 -1 2108 
5 2111 2109 2107 -1 2108 2110 
2 2112 -1 2106 
5 2113 -1 2106 2111 2107 2109 
3 2114 -1 2112 2113 
1 2115 -1 
1 2116 -1 
1 2117 -1 
1 2118 -1 
2 2119 2118 -1 
1 2120 -1 
1 2121 -1 
1 2122 -1 
1 2123 -1 
1 2124 -1 
2 2125 2124 -1 
1 2126 -1 
1 2127 -1 
1 2128 -1 
3 2129 2127 -1 2128 
1 2130 -1 
1 2131 -1 
1 2132 -1 
1 2133 -1 
1 2134 -1 
3 2135 2133 2134 -1 
1 2136 -1 
1 2137 -1 
1 2138 -1 
1 2139 -1 
1 2140 -1 
1 2141 -1 
1 2142 -1 
1 2143 -1 
1 2144 -1 
1 2145 -1 
1 2146 -1 
2 2147 2144 -1 
1 2148 -1 
1 2149 -1 
1 2150 -1 
2 2151 2150 -1 
1 2152 -1 
2 2153 2148 -1 
1 2154 -1 
1 2155 -1 
1 2156 -1 
1 2157 -1 
1 2158 -1 
1 2159 -1 
1 2160 -1 
1 2161 -1 
1 2162 -1 
1 2163 -1 
1 2164 -1 
1 2165 -1 
1 2166 -1 
1 2167 -1 
2 2168 -1 2164 
3 2169 -1 2165 2164 
1 2170 -1 
1 2171 -1 
3 2172 -1 2170 2171 
2 2173 -1 2171 
1 2174 -1 
1 2175 -1 
1 2176 -1 
1 2177 -1 
2 2178 2174 -1 
3 2179 -1 2175 2174 
1 2180 -1 
1 2181 -1 
1 2182 -1 
1 2183 -1 
1 2184 -1 
1 2185 -1 
2 2186 2185 -1 
2 2187 2182 -1 
3 2188 2187 2182 -1 
3 2189 2183 -1 2182 
5 2190 2186 2185 2188 2187 -1 
5 2191 2188 2187 2189 2182 -1 
4 2192 2189 2183 -1 2182 
7 2193 2191 2188 2187 2192 2189 2182 -1 
5 2194 2192 2189 2183 -1 2182 
3 2195 2184 -1 2183 
1 2196 -1 
1 2197 -1 
1 2198 -1 
1 2199 -1 
1 2200 -1 
2 2201 -1 2200 
1 2202 -1 
1 2203 -1 
1 2204 -1 
1 2205 -1 
1 2206 -1 
1 2207 -1 
1 2208 -1 
1 2209 -1 
1 2210 -1 
1 2211 -1 
1 2212 -1 
1 2213 -1 
1 2214 -1 
1 2215 -1 
2 2216 2215 -1 
3 2217 2216 2215 -1 
1 2218 -1 
1 2219 -1 
1 2220 -1 
1 2221 -1 
1 2222 -1 
1 2223 -1 
1 2224 -1 
1 2225 -1 
1 2226 -1 
1 2227 -1 
1 2228 -1 
1 2229 -1 
1 2230 -1 
1 2231 -1 
1 2232 -1 
1 2233 -1 
1 2234 -1 
1 2235 -1 
1 2236 -1 
1 2237 -1 
1 2238 -1 
1 2239 -1 
1 2240 -1 
3 2241 -1 2238 2239 
1 2242 -1 
1 2243 -1 
1 2244 -1 
1 2245 -1 
2 2246 2245 -1 
1 2247 -1 
2 2248 2247 -1 
3 2249 2247 2248 -1 
1 2250 -1 
2 2251 2250 -1 
1 2252 -1 
1 2253 -1 
1 2254 -1 
3 2255 -1 2251 2250 
4 2256 -1 2252 2251 2250 
5 2257 2256 -1 2251 2250 2252 
3 2258 -1 2253 2252 
4 2259 2258 -1 2252 2253 
6 2260 2256 2255 -1 2257 2251 2250 
1 2261 -1 
1 2262 -1 
1 2263 -1 
2 2264 -1 2261 
2 2265 -1 2261 
1 2266 -1 
1 2267 -1 
1 2268 -1 
1 2269 -1 
1 2270 -1 
1 2271 -1 
1 2272 -1 
1 2273 -1 
2 2274 -1 2273 
1 2275 -1 
2 2276 2275 -1 
1 2277 -1 
2 2278 2277 -1 
1 2279 -1 
3 2280 -1 2274 2273 
4 2281 2280 -1 2274 2273 
4 2282 2279 2281 2280 -1 
5 2283 2282 2279 2281 2280 -1 
5 2284 2281 2280 -1 2274 2273 
6 2285 2284 2281 2280 -1 2274 2273 
8 2286 2283 2282 2279 2285 2284 2281 2280 -1 
5 2287 2276 2275 -1 2274 2273 
9 2288 2286 2283 2282 2279 2285 2284 -1 2281 2280 
6 2289 2287 2276 -1 2275 2274 2273 
10 2290 2288 2286 2283 2282 2279 -1 2285 2284 2281 2280 
9 2291 2285 2284 2281 2280 2289 2287 -1 2274 2273 
1 2292 -1 
1 2293 -1 
1 2294 -1 
1 2295 -1 
1 2296 -1 
1 2297 -1 
1 2298 -1 
1 2299 -1 
2 2300 -1 2296 
1 2301 -1 
1 2302 -1 
1 2303 -1 
1 2304 -1 
1 2305 -1 
1 2306 -1 
1 2307 -1 
3 2308 2306 2307 -1 
1 2309 -1 
4 2310 2308 2306 2307 -1 
1 2311 -1 
1 2312 -1 
1 2313 -1 
1 2314 -1 
1 2315 -1 
1 2316 -1 
1 2317 -1 
1 2318 -1 
1 2319 -1 
1 2320 -1 
1 2321 -1 
1 2322 -1 
1 2323 -1 
2 2324 2323 -1 
1 2325 -1 
2 2326 -1 2321 
3 2327 -1 2322 2321 
4 2328 -1 2324 2323 2322 
1 2329 -1 
1 2330 -1 
1 2331 -1 
2 2332 -1 2330 
3 2333 -1 2330 2331 
4 2334 2333 -1 2330 2331 
2 2335 -1 2331 
1 2336 -1 
2 2337 2336 -1 
2 2338 2332 -1 
5 2339 2334 2333 -1 2330 2332 
1 2340 -1 
1 2341 -1 
1 2342 -1 
1 2343 -1 
1 2344 -1 
1 2345 -1 
1 2346 -1 
1 2347 -1 
1 2348 -1 
1 2349 -1 
1 2350 -1 
1 2351 -1 
1 2352 -1 
1 2353 -1 
1 2354 -1 
1 2355 -1 
1 2356 -1 
1 2357 -1 
1 2358 -1 
1 2359 -1 
1 2360 -1 
1 2361 -1 
1 2362 -1 
1 2363 -1 
1 2364 -1 
1 2365 -1 
1 2366 -1 
1 2367 -1 
1 2368 -1 
1 2369 -1 
2 2370 2369 -1 
1 2371 -1 
4 2372 2370 2369 2371 -1 
2 2373 2371 -1 
2 2374 -1 2367 
4 2375 2373 2371 -1 2374 
1 2376 -1 
1 2377 -1 
1 2378 -1 
2 2379 2378 -1 
1 2380 -1 
2 2381 2380 -1 
3 2382 2381 2380 -1 
2 2383 2376 -1 
3 2384 2383 2376 -1 
3 2385 2377 2376 -1 
4 2386 2385 2377 -1 2376 
4 2387 2379 2378 2377 -1 
6 2388 2385 2386 2377 2387 -1 2376 
6 2389 -1 2382 2381 2380 2379 2378 
6 2390 -1 2383 2384 2382 2381 2380 
7 2391 2388 -1 2385 2386 2383 2384 2376 
8 2392 2391 2388 -1 2385 2386 2383 2384 2376 
7 2393 -1 2387 2388 2385 2386 2376 2377 
9 2394 2390 2392 2391 -1 2383 2384 2382 2381 2380 
10 2395 2392 2391 -1 2393 2388 2385 2386 2383 2384 2376 
2 2396 -1 2389 
1 2397 -1 
1 2398 -1 
1 2399 -1 
1 2400 -1 
1 2401 -1 
1 2402 -1 
2 2403 2402 -1 
1 2404 -1 
1 2405 -1 
1 2406 -1 
1 2407 -1 
1 2408 -1 
1 2409 -1 
1 2410 -1 
2 2411 -1 2409 
1 2412 -1 
1 2413 -1 
1 2414 -1 
1 2415 -1 
1 2416 -1 
1 2417 -1 
1 2418 -1 
2 2419 2418 -1 
4 2420 2417 2419 2418 -1 
5 2421 2420 2417 2419 2418 -1 
1 2422 -1 
2 2423 2422 -1 
5 2424 2419 2418 2423 2422 -1 
6 2425 2424 2419 2418 2423 2422 -1 
8 2426 2421 2420 2417 2425 2424 2419 -1 2418 
3 2427 2423 2422 -1 
2 2428 2416 -1 
6 2429 2426 2421 2420 2417 -1 2416 
9 2430 2425 2424 2419 2418 2426 2421 2420 2417 -1 
10 2431 2430 2425 2424 2419 2418 2426 2421 2420 -1 2417 
1 2432 -1 
1 2433 -1 
1 2434 -1 
2 2435 2434 -1 
1 2436 -1 
4 2437 2435 2434 -1 2436 
2 2438 2436 -1 
1 2439 -1 
2 2440 2439 -1 
3 2441 2440 2439 -1 
4 2442 2441 -1 2440 2439 
2 2443 -1 2433 
5 2444 -1 2435 2437 2434 2433 
6 2445 2436 2438 -1 2435 2434 2437 
4 2446 2443 2444 -1 2433 
7 2447 2444 2445 -1 2435 2437 2434 2433 
7 2448 2445 -1 2436 2438 2435 2434 2437 
9 2449 2447 2444 2448 2445 -1 2435 2437 2434 2433 
8 2450 2448 2445 -1 2436 2438 2435 2434 2437 
7 2451 2442 2440 2439 2441 -1 2436 2438 
11 2452 2449 2447 2450 2444 2448 -1 2445 2435 2437 2434 2433 
1 2453 -1 
1 2454 -1 
1 2455 -1 
1 2456 -1 
1 2457 -1 
2 2458 2456 -1 
3 2459 2458 2456 -1 
2 2460 2456 -1 
3 2461 2460 2456 -1 
2 2462 -1 2455 
1 2463 -1 
1 2464 -1 
1 2465 -1 
1 2466 -1 
1 2467 -1 
1 2468 -1 
1 2469 -1 
1 2470 -1 
1 2471 -1 
2 2472 -1 2468 
1 2473 -1 
2 2474 -1 2472 
2 2475 2474 -1 
1 2476 -1 
2 2477 2476 -1 
3 2478 2477 2476 -1 
1 2479 -1 
2 2480 -1 2473 
1 2481 -1 
1 2482 -1 
2 2483 -1 2482 
1 2484 -1 
1 2485 -1 
1 2486 -1 
1 2487 -1 
1 2488 -1 
1 2489 -1 
2 2490 2486 -1 
3 2491 2489 2490 -1 
3 2492 2487 2486 -1 
3 2493 2488 2487 -1 
4 2494 2491 2489 2488 -1 
4 2495 2490 2486 2492 -1 
5 2496 2492 2487 2493 -1 2486 
1 2497 -1 
1 2498 -1 
1 2499 -1 
1 2500 -1 
2 2501 -1 2500 
1 2502 -1 
1 2503 -1 
2 2504 2503 -1 
1 2505 -1 
1 2506 -1 
1 2507 -1 
2 2508 2507 -1 
1 2509 -1 
1 2510 -1 
1 2511 -1 
1 2512 -1 
1 2513 -1 
2 2514 2513 -1 
1 2515 -1 
1 2516 -1 
1 2517 -1 
1 2518 -1 
1 2519 -1 
1 2520 -1 
1 2521 -1 
2 2522 2521 -1 
1 2523 -1 
1 2524 -1 
2 2525 2520 -1 
4 2526 2522 2521 -1 2520 
3 2527 2524 2525 -1 
4 2528 2527 2524 2525 -1 
4 2529 2523 2522 -1 2521 
5 2530 2528 2527 2524 2525 -1 
6 2531 2530 2528 2527 2524 2523 -1 
6 2532 2530 2525 -1 2528 2527 2524 
4 2533 2526 -1 2525 2520 
1 2534 -1 
1 2535 -1 
1 2536 -1 
1 2537 -1 
