-2064.822559
-576.6627902
-429.122455
-449.2120584
-440.7234326
-437.9322252
-395.1566361
-427.0938136
-405.6118385
-392.9877262
-445.9765668
-416.4568477
-425.4014689
-396.1401751
-430.9880774
-433.2469207
-428.5886158
-424.6294236
-427.1566445
-437.3660155
-442.9312157
-418.883464
-405.5425609
-395.70259
-397.724376
-425.5444348
-435.2768581
-441.9472948
-447.9069033
-404.9955019
-440.1464266
-466.2174384
-444.1928878
-443.6962458
-421.7902419
-390.2932862
-394.965825
-404.9133756
-417.7122585
-446.7298377
-438.2091635
-453.8210794
-410.630723
-419.912048
-466.0877174
-431.9798026
-472.9393028
-400.3330821
-375.6885523
-395.7969622
-401.2582151
-430.3891215
-425.3380421
-384.4329598
-429.7986833
-452.1168031
-443.7831622
-405.6306897
-413.5350325
-409.3261907
-421.3753265
-416.935454
-434.4330275
-406.5307866
-401.2672401
-422.3295079
-424.742433
-411.0852051
-425.47588
-416.5901897
-419.0563537
-427.3471991
-457.883297
-424.6825734
-441.5488725
-416.7195379
-453.2354755
-440.0722018
-426.5271123
-411.3173364
-434.2216921
-415.2499808
-424.1830353
-409.0153448
-469.5493605
-400.9442672
-425.1452747
-398.7463577
-433.4692021
-414.0151674
-403.5027575
-406.109372
-416.2851951
-361.6462237
-413.3505477
-385.0006614
-415.326788
-414.8415629
-441.7981531
-447.8033457
-422.1237757
-413.355007
-407.6457
-425.6224996
-455.3163191
-438.3984071
-436.9275535
-402.0480854
-446.1970035
-401.7863231
-433.7484932
-419.2880024
-417.0642134
-441.9514819
-429.1366923
-444.9138248
-402.0432074
-459.4966859
-412.4868834
-398.6497322
-434.0932471
-399.0086398
-404.4319988
-445.4743404
-415.128758
-405.7029281
-399.6147248
-430.3795125
-395.8777759
-416.1423504
-417.4702581
-429.5422492
-429.6586886
-443.0605488
-420.4899541
-441.1291635
-424.436237
-403.6664434
-416.2678308
-415.7650152
-384.0877137
-425.3163665
-404.0080627
-395.4662323
-391.986613
-422.5730297
-449.5821152
-458.826977
-422.9501615
-401.7239621
-395.0153606
-404.0230907
-419.1349221
-398.5959177
-412.6452587
-406.3768149
-431.9916431
-403.8510005
-391.9855213
-434.2676465
-442.421966
-407.9375804
-411.6441743
-396.7554872
-420.8335407
-414.7568124
-420.2931008
-399.6573129
-439.1491091
-438.5774208
-431.0200868
-432.4862616
-422.4920915
-397.1807917
-410.5987977
-409.2865314
-400.3077464
-432.0002248
-451.488452
-438.0701604
-432.1724935
-434.8087143
-454.8082114
-415.3664853
-398.8090892
-413.427297
-389.1799737
-391.7500463
-433.2904715
-444.6704693
-456.1280037
-455.0988685
-446.4118942
-397.118229
-372.5809335
-400.4768585
-412.0199813
-374.4185633
-397.143882
-396.0751925
-408.740823
-399.6952874
-388.9237208
-368.4173232
-370.7540278
-409.942596
-448.875782
-427.2730119
-386.6336123
-410.8670449
-420.1176466
-407.4010973
-428.6764258
-414.8379648
-438.6928693
-384.8393315
-418.2192779
-436.1981785
-412.4963082
-412.3275684
-460.4115689
-446.2151801
-382.9102713
-401.3569796
-384.0676898
-396.6719069
-408.7026153
-383.0003371
-426.5559664
-481.207623
-402.5450359
-486.3023016
-392.2067066
-423.7593568
-457.1741873
-418.0043109
-424.8136356
-445.42839
-444.0768402
-398.4575699
-417.039223
-418.1340909
-394.2987208
-414.6060436
-432.01499
-423.6259445
-407.6742465
-415.3659987
-423.3695273
-402.8203739
-378.3821795
-425.7482332
-379.5213199
-434.5873727
-401.3989718
-387.8356343
-422.9278595
-418.5260711
-462.6745602
-418.9299002
-477.4233512
-426.0431605
-458.7993383
-430.1868853
-450.6899269
-395.2310727
-420.1691358
-413.2614139
-386.77045
-460.8747899
-391.1398718
-429.7342618
-415.8127667
-437.9031032
-461.438756
-449.3699385
-462.47782
-492.6634687
-446.6091283
-397.5243144
-378.4672542
-375.7267435
-386.5539722
-416.906715
-374.8140323
-398.3789346
-399.5585812
-432.9193363
-402.7499896
-414.1949019
-438.7514249
-423.7730745
-418.5932073
-422.5769316
-448.3642208
-423.9802111
-433.3870441
-424.1748376
-409.5149857
-441.3932596
-407.6541699
