417 135 111 335 424 326 425 206
121 169 165 8 320 127 262
220 498 175 158 350 441 35
327 164 75 50
158 251 38 194 198 165 35 216
86 101 434 225 300 6 86 221 447 106
394 69 366 158 295 334 364 262
121 173 295 213 8 262 399 295
326 29 196 103 190 147 231 421 485 267 474 295 206 193 13
262 262 66 260
389 234 307 59
190 425 5 189 273 303
171 42 304 97 308 29 304 42
433 245 334 12 8 121 36 367 334
66 233 232 165 268
251 22 485 382 346 455 180 480 350
87 498 485 20 97 35
206 29 425 97 326 307 357
180 35 60 286
248 290 226 371 158 97 177 485 388 286 158 17 296
417 234 326 273 370 389 417 389 41 417 308 122
158 46 259
92 244 396 399 233
99 247 198 180
327 327 167 284 400 353 225
221 399 293 86 221
251 226 350 485 17
233 8 174 16 165
135 12 295
208 417 232 349 36 165 436 186
273 357 190 42 108 234 442 176 389 267 389
493 480 259 455 180 257 158 455 320
147 232 320 208 249 172 358 368 241 86 455
248 40 480 17 296 498 173
6 192 313 471 331
251 66 134 485 381 286 286 480 62 180 267 498 353
6 474 86 358 86 384 238 6 315 250 225
355 85 228 69 144
286 103 220 17 38 198 97
382 267 60 350 55 371 40 173 296 482
386 396 8 311 13 459 494 264 66 85
248 485 226 31 479 260
86 315 266 86
86 384 434 240 249 75 221 327 229
173 55 346
452 400 151
300 167 86 86 113 192 192 107
262 494 394 36
430 37 479 158 388
390 127 494
350 140 23 247 248 398 350
101 293 300 133 151 368
23 430 17
452 207 326 431 233 233 66 127
498 482
327 113 132 167 86 435
382 480 248 180 158 480 23 493 158
390 165 394 245 34 233
262 399 260 229 127
97 257 373 23 140 286 251 251 38 286 175
116 276 471 102 190 273 189
250 453 86 327 447 315 172 225 399 447 474
150 286 38 173 208
327 6
291 75 221 315 229 241
480 23 134 23 17
180 480 140 482
35 23 180 350 493 57 140 296 180 158
399 34 399 85 16 436 326 128 446
485 206 326 234 59 417
29 295 42 108 389 234 456
97 23 146 479 158
42 206 485 232
305 182 233 66 337
102 234 211 353 425 404 12
396 64 241 396 137 449 233 239
194 382 267 158 208 394 298
20 44 192 353 399 474 384 327 352 300 229 327
337 66 295 355 7
374 495 294 269 208 229 167
498 165 150 158 257 38 180 350
321 315 241 86 300 294 133 434 232 214 232 82 443
97 248 382 251 241 296 495
251 260 17 247 248 40
467 165 16 109 239 450
273 60 417 345 122 345 42 10 42 442
232 232
273 42 195 116 171 206
234 357 190 424 0
232 257 116 100 353 267 17 165 251 241
396 233 269 165 449
480 165 455 498 216 216 232 140 498 38
249 99 192 447 424 238
165 38 40 485 38 158 97 398
248
29 498 57 455 158 150
295 441 122 12 303 111 267 103 326 441
455 257 382
85 349 436 36 409 494
86 266 409 321
330 260 296 35 40 495
101 56 424 315 155 300 399 50
116 10 206 326 273 425 357
97 251 99 158 455 140 480 381
8 399 165 233 8 233
248 194 179 140 296 350 134 112
357 231 42 418 102 4 441 189
165 349 262 355 436 399 297 417
36 337 127 10 433
326 276 307 142 345 122
85 158 262 452 262 433 164 92 396 436
248 382 35 455 479 232
47 292 167 222 238 47 225 192 411 409 327
111 434 208
6 315 300 320 331
144 234 430 111 42 357 190 389
158 286 382 165 35 479
200 245 318 268 165 36
97 468 108 26 295 67 176
459 297 396 152 66 69
357 295 234 273 425 303 357 389
295 66 38 207 452 334 207
349 299 295 8 233 245 452 285 164 446
158 220 99 286 232 485 174
490 66 490 6 250 192 300
349 66 297 390 245 8
326 190 103 135 303 285 142
295 95 245 459 213 297 449 396 137 297 16
196 171 442 418 370 222 389 313
245 164 121 36 355 366 247 102
233 286 216 459 232 146 485
233 349 326 367 36
35 226 382 35 231
198 236 23 198 179
327 6 424 167 167 321 266
434 471 292 147 162 111
35 380 390 498 20 286
232 86 320 27 241 400 321
383 229 127 36 85 355
190 234 313 315
184 34 228 173 399
175 479 22 296 194 97 134 220 498 248
417 190 231 189 97 303 326 234
326 206 442 152 389 226 135 234
42 151 417 228 331 190 431 389
262 147 459 469 232 386
162 102 345 307 222 424 485 122
396 394 297 66 349
245 165 165 364 261 386 260 262 36 396 164
364 5 487
8 475 436 203 16 262 239 121 66 355
130 47 266 327 167 238 315 352 162
97 23 296 208 298 251
214 182 367 34 192 2 2
87 17
86 327 430 358 225 232 390 352 47 86 220
17 247 97 23 455 226 38
233 165 268 165 337 36 262 233 64
382 350 485 23 23 247
396 85 262 173 399 165 396
164 474
355 85 209 366
357 171 331 234 389 424 295 303 417 234 441
390 232 245 85 66 232 337
260 392 144 245 36 450 300 469 66 244 36 66 449 244 85
165 262 245 137 355 262 268
298 208 134 248 17 38 140 389
295 36 262 66 165 66 233
111 167 434 2 302 82 31
295 421 353 276 420 135 171 425 417 485
8 300 386 228
417 357 425 142 222 306
326 12 389 326 196 234 411 234 189
245 334 262 337 245
288 421 156 424 307 206 273 272
180 285 23 140 99 498 286 17
399 165 262
233 334 232 165 16 207 475 349
140 35 180 498 251 493
207 274 167 172 399 107 315
315 309 102 225 447 56 189 74
353 480 247 380 23 485 354 493 17 165
180 296 158 100 286 485 298 198 257
161 434 469 220
225 167 6 74 353 86
20 179
192 400 151 266 300 162 6 490 225 490 358 206 294
296 232 485 20 158 180 38 38 55 350 180
17 350 296 251 455 257 241 140
165 239 268 232
455 480 479 430 158 350 180 324 97
66 34
234 420 59 421 156 177 326
201 190 103 12 206 59 417 295 122
259 248 140 110
321 315 292 300 6 294 86 214 485 384 111 82 86
87 430 498 97 248 498 251 38 498 260 498 22
433 268 386 233 364 268 250 349
349 406 36 165 8 95
442 490 303 420 189 190
353 206 190
295 239 245 349
497 171 441 389
297 233 208 233 396
85 165 349 268 158 280 85 213
417 42 42 171 417 234 10 42
296 344 247 22 180 23 97
294 327 13 276 180 135 400 6 6 189 172
54 23 36
286 38 430 23 140 441 479 215 38
144 424 442 267
66 36 295 268 332 43
459 85 85 165 137 317 262 121 377
234 222 4
431 245 452 158 295
262 262 165 85 390 182 394 233 165 233 436 407
480 498 291 346 248
162 326 418 357 424 190 206 303
238 34 86 327 151 292 56 400 86
38 165 158 286 361 455
350 158 17 232 23 35 455 498
455 158 485 35 296 441 220 165 17
297 260 262 355 386 469 66 262 10 127 66 399 334
97 106 215 479 146 180 480 286 22 112 165
389 307 468 418 273 295 12 206 97
137 332 236 459 366 64 450 425 431
42 345
232 357 303 424 207 331 102 122 12 116
245 447 409 407 22 233 351 262 232
180 158 388 382 382
396 158 436
270 225 67 306 404
16 92 165 314 364 300 311 245 436 364
245 165 399 262 213 232
357 273 485
389 234 12 206 418 345 189
418 97 234 357 171 103 171 135 102
436 245 355 207 347 349 285 165
367 475 494 355 95 241 436 233
245 21 95
304 497 176 189 12 109 417 357 326
97 42 424 485 102 441 460 418
389 474 326 208
399 459 399 349 232 300 446
21 97 206 97 4 376 474 234 206 485
233 262 349 334 262 247 459
234 468 270 424 424 250 307
389 234 41 273 12 116
394 158 364 43 262 436
234 424 370 211 307 234 417 303 357 273
157 85 85 13 16 300
102 6 453 6 367 390
286 180 158
122 42 424 420 485 189
127 256 366 85 295 386 359
459 436 36 295 213
290 92 459 36 165 245 8
334 449 207 229 34 127 16 262
8 186 36
326 0 63 206 122 0 10 102
165 85 334 481 8 232
116 207 326 142 357
262 349 355
232 233 233 165 349 431 260
315 315 315 192 315 321 366 155 155 490 86 266
23 117 259 455 480 435 382 208 285 97
22 232 194
140 65 38 498 220 350 165 226
240 294 220 368 390 2 399 214
119 47 79 2 353
87 407 158 296 206 140
286 69 498 430 350
364 183 268 245 36
127 349 265 16 337 259 268 459 388 262
324 307 42 303 140
245 452 337 128 452 300 294 349 396 386 431 407
327 315 495 50 229 315 309 447 240 50 452 20
220 296 251 99 493 158 158 251 485
36 366 295 449 259 69 335 165 165
140 388 485 158 140 134 254 455 437
232 315 47 35 208 293 315 232
349 459 317 349 459 449 109 436 213
38 248 423 259
335 59 315 381 420 12 116 307 442 171 4 329
198 165 459 165 459 268
262 232 130 233 233 318 233
55 382 498 35 455 382 180 382 248 158
233 279 165 8 36 7
17 23 216 173 260 480 222 158 55
2 86 492 167
296 10 479 219 455 158
353 447 400 86
350 247 180 485 430
386 207 295 262 165 431
424 417 4 326 42 42
135 267 144 135
357 326 301 234 431
399 348 349 66 469
176 315 190 417 303 389
207 262 200 269 229 268 16 436 233 364
326 421 231 113
169 245 8 183 337 36 173
388 257 23 350 140 146
158 399 121 66 355 144
152 497 326 478 234 424 357 273 485
56
127 468
452 355 233 399 396
370 456 307 194 303 234 42 357 424
326 300 239 228 268
267 357 206 389 273 326
449 207 449 165 232 36
478 417 308 42 97
173 158 382 35 66 247 485
184 436 183 239 92 16
50 2 315 14 214 256 353 331
70 176 454 273 389 389 232 307 417 93 466 326 389
16 233 165 431 144 295 247
307 12 267 424 222 417
47 86 321 304
498 97 51 140
6 471 6 315
480 158 388 23 180 17 498 194
260 134 180 180 175
233 233 247 449 165
105 151 327
99 241 158 304
157 349 245 245 16 326 366 449 232
158 388 165 350 350 36
169 399 92 239 137 165 290
108 273 326 42 171 357
8 165 36 127 262 262 245 390
234 234 276 97 164 273 67 425 190 190 206
300 241 101 327 434 166 434 276 240 130
331 56 353 415 86 151 86 97 320 2
389 190 389 111 142 97 292 389
66 85 183 262 165 229
97 12 273 234 333
348 350 296 158 296 232 485 87 493
23 247 17 286 455 485
286 485 179 137 479 479 177 485 158 485
225 284 230 230 192
140 134 60 498 220 493 382 382 350 17 38 485 175 286 493 350
192 20 443 172 276
257 248 232 97
50 50 357 241 294 82 50 315 399 371 75 291 86 86 220
140 165 173 350 480 485
324 425 232 357 326 497 142 147 190 431 313
232 349 16 494
295 295 239 186 449 349 165 16 85 233
431 273 273 357 456 295 357
305 66 207
382 296 55 498 158 140 226 150 232 232
180 482 38 17 216 247 180
2 266 155 434 34 415 384 347
296 146 459 498 232
165 480 350 251 23 158 134 17 20 286
435 240
43 35 220 296 298 485 179 97 23 60 215
184 192 86 136 452 353
86 113 47 358 469 101
300 296
146 479 184 430 165 62 232 226 17
469 297 429 233 484
389 357 151 122 273 52
6 315 240
245 8 66 349 239 390
16 459 364 232 232 174
150 53 497 303
195 122 424 345 144
233 459 245 297 245 332 95 69
389 285 273 67 357 135
158 180 454 146 158 309 251 140
142 491 234 370 389 171 29 295 303
225 424 241 327 279 399 50 327 180 86
346 361 346 232 140
186 396 66 182 297 85 262 85 390 244 186 208
42 420 190 97 425 339 326
496 441 307 189
233 297
234 269 171 417 141 357 474 389
307 303 42 234 171 140
171 357 122 122 97 335 182
86 250 155 133 6 423 119 86
146 455 140 485 17 62 382 180 194 36
151 424 284 232 321 180 77 331 230 300 406 155 321 384 358 315
455 350 251
353 400 86
17 158 455 165
220 382 495 302 366 6
66 480 206 97 111 485
150 23 216 227 158 180 286
106 320 294 240 315
6 167 300 240
260 382 480 267 165 60 260 226
196 144 150 273 357
337 386 386 295 239 165 349 268
436 66 396 239
315 460 42 12 29 116 273 417
97 480 480 251 23 180 257 146 158 427 173
134 55 127 97 158 23 441 226
221 365 6 86 300 133
298 17 480 354 495 455 158 354
220 192 164 352 327 6
180 17 350 97 308 260 493 158 165 300
452 315 192 6 192 50
241 23 480 55 38 38 480 346 165 140 498 158 248
478 327 266 56 327 315
158 296 485 480 251 180 260 184 146
498 180 158 62 215 38 296
86 315 75 86
498 485 165 180
294 331 315 86 214 248 50
35 482 158 111
158 29 227 455 286 441 23 398 312
296 110 493 444 17 23 17
192 300 478 6 315 276 246
498 296 60
384 434 327 180 161
6 423 44 447 315 321 240 34 34 300 229 315
165 23 180 179 35 257 232
399 315 151 167 400 151 399 75 300
140 180 257 304 165 350 291
0 474 26 42 474
262 355 85 186
12 32 441 307 0 171 456 176 176 357 75
165 268 184 364 431
234 53 95 206 158 307 234 91 211 456 190 228
469 262 452 268 233 85 233
295 295 8 184 459
456 357 417 42 102 13 108
417 21 165 66 232 386 295 436 36 262
460 176 442 357 303 418 0 53 142
337 144 66 245 446 459 349 494 245 165
273 357 303 357 411 357 97 176 144
350 23 35 206 248 158 485 159 248 158
248 87 87 348 198 247 194
262 390 182 165
194 455 158 371 387
86 481 300 20 300 47 358 358 47 315 225 241 409 315
427 257
127 17 485 485 23 60 247
358 471 86 6 230 180 221 241 82 48 298 214 291
435 17 17
66 261 367 228 349 425 183
474 234 307 189
260 180 232 286 479 23
232 158 173 493 479
165 233 66 184 8 394 469
286 146 382 350 296 485 146
17 296 140 480 198 97 259 23
382 23 298 134 180 97
165 85 169 262 334 260 165
431 91 485 42
189 116 190 420 331 273 206
66 137 95 337 292 233 36 386 165
194 87 112 99 353 220 165
300 268 396 459 66 121 165
108 437 466 12 315 418 468 315 164 389
184 65 449 295 92
36 36 390 85 165 228 262 295 69
12 60 234 12 435 345 418 442
169 207 349 367 233 262 417
474 389 497 425
116 165 38
296 134 174 66 180 320 296 38
400 367 233 92 244 213 41 436 36 355
224 424 229 47 172
35 498 17 180 134 350 38
247 337 425 386 245 469 285 407 8 260
382 23 485 97 232 23 430 479
23 485 455 116 485 495 87
230 225 400 47 74 167 86 399 276 44
155 103 206 60 190 303
297 386 36 262 396 320 332 69 260 459 349 239 349
97 158 291 480 262 286 296 97
300 327 221 241 155 434 79
146 215 220 97 232 498
86 34 321 47 400 66 225
229 86 327 50 155
455 158 381 35 220 498 251
257 159 455 23 226 194 165 38
382 216 226 84 99
238 6 327 276 6 434
36 38 485 220 64 158
17 493 165 291 87 498
380 485 175
94 251 346 286 320
349 300
400 221 490 371 31 423 225 86
2 86 232 66 327 315 2 315
180 350 17 38 251 485 454 354 64 17 479 99
86 276 423 192 167 384 86
165 10 165 364 85 245 36 8
357 424 190 421 189 468 424 122 135 93
36 36 332 0 121 449 297 165 469
417
206 295 207 285 288 42 474 370 135 353
430 23 480 180 430 498 179 216 257
400
228 366 386 349 399
206 326 424 295
420 273 303 97 42 441 122 357 42 421 171
334 386 245 8 367 446 36 7 173
135 147 42 307 142 485 267 102 206 42
245 487 366 165 436
262 245 260 431
285 206 234 171 135
233 121 208 297
189 304 206 29
366 92 364 66 295 66 366
382 248
418 234 417 357 441
386 268 355 233
262 366 349 268 295 165 34 295
29 42 497 53 468 26 41
262 459 487 36 144 300 297 66 355 494 165
231 370 307 0 289 190 12
315 6 294 490 56 302 315 315 214 50
480 382 296
85 36 364 239 245 295
357 153 417 42 353 206
42 177 273 344 12 211
6 321 75 232 6 315 321
216 220 380 97 331 38
425 425 26 158 144 418 234 206 206 0
485 226 296 493 216 17 173 498
238 214 291 34 444 240 327 327 229 447 225
172 101 151 77 56 79 162 86
236 398 165 382 479 35 180 150
485 456 42 190 357 460 122 234
66 261 300 34 165
313 97 147 460 306 108 326 485 207 118 234 164
247 367 449 317 245 401 232 364
441 270
85 364 332 268 228 399
26 424 497 176 442 425 144 307 176
480 173 38 257 454 23 495 431 296
221 321 390 382 304
143 296 485 180 146 296
267 207 59 206 327 431 417
213 209 320 262 36 213 262 332 165
295 436 390 66 239 355 198 233 165 127
122 273 468 273 424
162 10 389 421 273 246 64 389 307
22 480 216 251 23 158 498 394 247
213 494 182 169 459 459 208 268 184 200
257 134 493 350 140 17 180 180
350 23 247 247 38 134 498
163 244 233 36
406 192
259 180 455 485 60 36
206 456 389 102 171
87 430 476 251 350 174
327 162 101 34 6
23 146 382 38 23 158
289 2 155 384 232 161
300 2 423 321 180 74 111 82 315
65 235 296 165 498 208 471
17 286 17 158 17 179 485 36 17 380 215
232 86 447 111 47 320 101 291 291
312 158
399 399 169 85 493
212 106 291 189 321 206 241 212 47 79 241 86
315 34 240 294 192
350 380 158 23 498 206 248
384 230 192 86 384
140 134 17 257 158
233 16 165 184 399
87 198 140 165 257
327 447 248 44 471 315
47 2
158 180 441 226 20 286 180 22 23 498
245 262
492
175 38 493 175 173 480 291 216 158 441
93 86 358 6 192 327 79
493 55 463 382
66 295 208 399 213 320 262 66 436 268
116 234 42 97 326 357 150
248 180 480 350
285 259 97
101 358 86 315
59 307 176 116
198 232 97
459 431 36 8 364 469 203 208
493 109 241 487 66 436 182 85 228 36
184 294 225 206 86 353
485 146 232 257 179 498 17 498 219 17 251
315 353 352 75 315 81
150 150 480 17 350 38 173 485 455 23
349 16 399 137
441 38 177 150 485 495 480 493 158 350 140
221 56 327 166 86 81
140 257 354 382 10 23
140 455 17 158 165 427 22 480 158 40 259 251
233 280 8 334 295 203 264 279
189 357 97 273
116 99 17 38 35
268 16 334 469 364 239
307 135 295 485 273 97 190 485
20 251 84 247 455 180 23 140
2 62 161 6
382 22 480 444 251 35 158 251 208 140
407 47 315 266 330 304 192 2
407 485 227 158 346 350 498
184 86 86 192 490 229 291
198 23 220 248 38 38 296
22 60 485 194 388 247 480 140 38
8 247 349 229 66 409 364 262
431 190 189 190 206 273 335 269 417 485
190 357
262 34 399
151 389 97 151 425 177 456
206 257 158 485 485 35 398 17 180 350
165 485 60 423 23 455 482 480 480 232 38 87 479 22
158 158 485 296 87 485
315 50 353 315 485
361 165 493 226 459 158 388
35 435 180 37 17 65 498
233 295 233 109 262
361 296 216
97 17 260 146 215 38
284 249 113 240 2
260 99 208 36 247 134 290 350 382 36 17
127 173 297 386 36 213 245 66
91 389 474 269 442 122 460 108 421 313 207 144 485
423 47 321 6 495 14 155
69 66 349 36 245
441 122 10 273 301 164 91 12
335 425 164 234 474 370 231
364 66 268 295 337 169 349 16
36 449 320 36 239
247 286 158 226 220 247 485 143 220 479 350 455 140 158
269 167 56 421 220 192 229 102 16 315
248 158 38 127 219 350 46
315 291 6 315
300 327 50 50 50 166 212 207 214
146 22 97 226 296 382
225 294 294 490 444 400 13
388 286 248 260
296 173 134 498 22 498 232 173
151 315 214 16 97 327 423 214 353 250
38 232 55 498 20 99 381 251 174
133 327 6 101 447 47 2 327 192
493 382 485 17 17
260 423 485 38 87 55 480 23
158 208 421 409
165 453 334 364 388 380 165
424 345 295 13 421 389 357
118 234 273 150 370 421 190
350 248 350 23 17 38 235
86 34 408 447 212
158 476 220 55 97
23 257 350 248 180 216 22 215 23 140
320 229 407 229 44 478 331
158 459 38 331 140 134 146 68 180 251
180 29 260 60 241 354 281 296 38
165 92 390 66 8
221 208 225 56 300 327
222 162 459 222 303 307
222 95 425 357 195 206 417 171
248 485 57 346 260 17 257 485 257 232 479
140 226 455 158 350
422 300 380 165 449 64 38 66
66 35 480 39 350 140
178 155 399 320 331 86
66 121 241 312
206 431 424
82 368 266 206 315
485 38 31 97 158 226 485 248 174 350 22
233 348 165 355 233 446 69
116 176 189 190 206 189 425 326
240 327 192 99 240 243 82 315 321 221 6 232 172 331
239 245
350 165 180 180 248 493
386 334 264 36 367 386 173 165
12 417 424 231 389
74 297 449 66 85 95 127
142 42 171 12 10 303 431 97 12 389 12
165 137 233 229 194 85
211 142 421 234 106
479 251 220 296 49 17 220 482 173 371 134 331
238 358 327 6 490 82 6
55 23 179 220 173
256 349 8 66 494 262 386 165 364 8
234 42 0 169 456 176
66 66 268
262 233 245 165 245
498 17 495 286 35 184 247 140 55 165 485
86 415 315 161 220 86 214 127 447 300 250 192
116 480 17 480 498 180 158 296
10 66 85 144
198 134 23 180 251 480 146
195 417 222 222 333 468 273 474 357 389
245 295 349
144 334 232 198 182
349 165 449 355 66
485 479 220 493 97 140 158 180
355 184 364 165 355 449 260
377 309 354 134 140 140 35
498 57 498 485 346 346 430 31 97
298
238 6 133 86 321 214 374
296 382 248 17 180 286 291 97 17
284 14 6 182 44 315 300 492 2
82 357 302 360 81 229
193 74 2 151 172 34 485 315 14 47
498 175 215 158 431 180 485 485 480 498 480 194 216 495 247
260 479 430 158 62 137 247
8 459 69 459 165 337 300 85
473 498 175 493 180 260 165 382 66
424 214 238 384 47
97 17 455 175 455 498 495
248 146 380 296 23 99 35 180
146 382 38 455 377 248 146 296 180
232 436 262 364
286 296 38 134 485 134
13 228 366 355 232 433 232 36 436
407 398 331 23 137 17 66 455 158 22 461
111 276 229 50 492
220 382 482 350 97 226 480 479 455 165 260
206 424 308 353 273 357 12 102
399 5 36 173 8 245 233 386 152 228 92
234 345 42 315 176
234 456 417 64 331 326 206 295
173 16 165 245 245
251 286 17 482 17 382 248 22
206 218 206
165 436 262 494 320 399 66 66
140 194 226 296 23 158 99 291 380 350 247 267 251
232 449 74 34 36 213 34 7 245 349
459 165 469 394 297 332 396 337 36 232
418 10 420 345 303 97 12 345 421 418 206 171 135 206
34 6 214 490 161 266
214 99 86 240 276 47 384 315 164
479 220 17 179 62 17 180 480
64 355 386 431 92 459
273 420 12 4
389 189 171 326 295 59
66 327 315
286 208 112 38 38 20 38
189 12 108 228 431 485 485
8 165 233 245 8 239 459 364 245 245 399 320 337 436
231 59 417 95 485 116 357 357 339 456
452 182 245 399 494 459 459 334 349 268 386
337 7 85 268 428
431 234 12 417 234 234 12 12 189
42 326 389 315 189 231 306
371 180 296 158 165 35
50 50 371 86
346 296 493 66 87 290 23 300
50 315 2 97 192 86 86
38 382 180 220 140 140 382
251 493 22 187 232 180 60 498 140
241 44 221 292
327 353 315 166
430 296 134 206 254 253 267 17 482 226 485 461
262 239 334 92 262
248 141 273 42 345 306 30
165 144 392 245 16 459 239
307 142 164 42 93 313 303 326 357 418
300 214 172 50
97 215 455 382 35 55 248
380 350 480 127 140 17
241 249 485 338 56
34 302 212 408 327 2 315 155 382
69 300 165 332
485 29 87 97 485 158 158 112
471 47 232 214
206 44 434 467 86
207 469 245 386 239 366
381 190 307 460 97 267 141
245 320 386 245
331 230 221 292 166 2 300 276 358 47
285 498 35 60 38 158 382 194
315 172 56 225 167 192
38 173
22 23 350 158 480
482 479 388 206
459 245 169 262 207 459 245 233 165 268
480 227 486 498 140 232 257 382 177
134 485 498 350 485 180
436 459 364 349 320 233 245
171 315 208 357 357 306

180 286 257 485 498 296 140 296 296 493 158 480
60 485 350 480 346 146 498 286 248 55
430 35 158 140 198 20
245 295 85 364 452 213 386
389 425 12 424 273 226 190
424 285 234 442 164 303 53
101 315 221 192 315 250 300
421 303 303 206 353 118 497 234 326
493 187 17 35 140 455 247
165 16 158 262 247 262 213 433 349 85
150 424 206 26 357 222
399 198 364 367 295 137
250 307 190 234 425 207
268 8 337 233 459
495 158 23 112 267 165
388 180 296 444 174 99 38 38 479 60
364 165 85 349 8 459 396 233
12 430 424 122
262 165 165 245 364 433 233 165 233 41 169
92 256 245 349 355 244
14 192 82 86 374 447
26 97 267
352 50 6 327 358 315 189 315 2 243 321
459 456 233 66 165 233 399
55 202 97 146 134 227 361 97 498 17 180 17 17 350
294 35 294 6 225 266
87 480 286 165 17 158
262 91 335 262 245
326 199 441 424
296 17 134
412 295
167 304 50 300 315
40 20 158 23 267 493 498 165
260 158 253 267 382 353 38 23
320 269 386 165 390 85 207
389 326 389 357 171 295
23 43 34 85 459
234 306 208 339 357 357 206
221 192 387 192 6 6 207 249 50 192 192 20
226 480 180 140 337 251 291
50 50 352 300 327 173
298 479 454 382 17 60
493 100 220 350 286 150 350 35
296 312 180 97 498 17 158 65 140
140 485 179 140 377 97 158
182 165 165 364 121 213 233
122 177 207 389 335 189
206 376 474 189 345 307 206
314 334 36 36
207 326 10 66 85 446 349
381 273 190 420 333 485 306 273
36 364 36 66 173 245
206 108 122 190 30 357 42 417 116
425 357 411 497 295 289 417
233 69 232 390 16 459 165 209
190 420 417 315 12 306 335 97
0 273 108 295 206 420 67 357 234 389 313
165 268 349 85 165 165 449
206 171 424 389 222 420 190 206 273 273
303 435
297 295 85 355
262 69 295 380 36 66 66 184
262 208 449 82 297 261 367 297
122 190 207 234 295 144 411 370 326
12 303 418
383 320 396 334 320 239 66
396 469 475 487 245 165 260 233 85 95 85
291 296 413 480 430 259 480 179 455
23 347 480 493
241 327 221 291 424
307 420 324 26 389 206
36 102 332 165 16 183 297
349 364 396 320 200 295 182 43
10 232 36 386 173
189 353 42 474 357 206 273
489 207 198 436 367
382 493 134 220
245 436 459 396
485 176 206 206 298 12 206 116
173 128 173 207 247 268
389 128 206 308
431 213 7
190 420 42 357 150 206
207 273 222 295 345 404 234 431 417 273
294 315 192 315
421 86 276 315
55 208 286 97 461 20 232 296 216 331 388
436 182 396 36
382 17 20 485 382 116 60 296 55 140 455
355 295 268 386 186 262 85 8
206 225 93 291 400 36 47
194 296 382 476
274 86 79 474 86 47 86 166 266
367 239 245
151 460 122 206 248
267 304 497 418 13
127 208 213 268 233 66
355 366 295 21 262 337 268 16 436 399 364 367 144
155 86 56 111 214 206 2 220
184 386 349 66 244 36 66 109
8 95 137 262 459 262
47 101 315 294 249 490 289 86 74 6
498 46 158 180 290 140 198 173 251
240 130 353 34
180 208 140 62 35 350 286
406 106 86 276 327 2 155
55 346 486 296 150 260 97
6 327 241 300 167 248 6 241
232 386 431 399
42 315 206 304 267 176 295 303 97 468 190 206 295
286 430 382
86 101 2 56 294 86 250
38 38 382 17 202 38 498
444 167 106 293 172 34 13
300 56 327 113 399 300
46 158 251 23 485 158 194
167 447 86 6 6 164 406 235
495 86 62 366 300 34 74 315
234 441 430 295 93 103 331 307 418
425 65 165 300 232 332
198 428 85 137 66 165 349 261
267 10 326 95 190 190 135 389
206 135 13 424 306 42 190 59
147 399
382 173 260 498 112 158 208 97 251 236
382 29 97 97 455 482 97 158 158
101 220 327 86
493 216 150 17 220 296 20 498 23 485 260
232 247 180 260 455 232 134 180 66 320
315 50 279 82 151 421 172
232 140 247 455 57 485
180 172 374 495
355 16 326 295
85 8 364 233 66 326 396 165 16 380 165 335 396
315 276 444 173 172 315 220 266 6 315 241 86 315 358
291 286 495 290 175 38 498 97
315 56 327 164 99
221 50
373 17 180 140 158 226 346
13 326 189
239 10
326 497 108 307 303 12 273 454 144 353
140 388 20 430 382 285 220
353 490 220 331 423 434
425 42 75 421 353
75 34 192 315 44 173 300 399 368 240
269 205 313 425 97
233 66 332 411 388 245 396 38 239 229 459 36 232 297
190 303 234 273 102 442
436 207 66 8 262 469 332 66 262 66 295 183
147 431 335 234 234
355 85 165 8
389 417 122 158 295 307 308 176 357 232
396 8 233 232 36 165 233 262 417
184 239 262 349 280
192 34 225 44 266 315
23 382 140 23 62 38 257 296 43
229 480 327 423 478 424 269 321 452 240 192
485 97
493 286 180 296 437 493 140 158 40
399 386 354 469 262 66
214 225 47 207
220 6 167 238 296 44 35 50 50 421 66 86 266
158 495 220 175 480 23
480 36 226 180 480 35 388 55 146 248
165 455 134
161 192 56 485
97 140 232 479 158 498 296 286 99
377 17 298 498 480 23 248
207 396 127 165 66 36 207
315 222 421 353 158
86 50 399 358
194 493 480 198 394 454 441 350 430 286
452 337 245 164 334 364
86 240 315 56 266
156 118 288
295 399 165 386 436 349
345 206 0 108 273
234 442 421 42 357 122 313 132
95 232 268 396 262 66
127 215 158 353 180 134 216
140 187 485 251
158 167 400 447 232
297 14 399 318 337 182 297
146 498 177 23 176 291
172 102 384 327 167 315
498 350 257
327 192 47 35 50
296 158 38 296 194 23 382
389 357 42
190 234 456 97 53 189
190 12 303 342 389 118 0 231
452
64 165 317 366 244 245 289
12 190 478 42 231 424 102 12 295
334 268 232 386 250
295 417 190 196 190 307 122 424 91
456 206 135 273 389
389 267 304 26 12
16 66 399 262 121 268 244 436 396 232 95
12 116 234
165 367 233 165 208 399
109 424 327 206 12 357 404 357 485 42 389
165 34 233 8 334 91 295 349 399 396
190 485 190 357 326 122
364 349 239 95
345 156 234 150 417 190 417 389
337 66 158 452 121 469 436 64
311 335 42 474 234
66 349 459 431 245 186 127 247
174 66 315 128 320 232 399
86 48 240 86 192 86 384 400 358 444
240 44 82 294 241 399 14 167
313 189 345 389 307 478 357 424 466
474 295 295 333 228
366 85 66 494 92
2 86 88 225 434 82 220 232 327 20 167
86 423 315
315 315 6
232 193 86 207 327 75 221
296 382
384 147 161 192 315 101 182 444
441 182 345 326 273
449 364 399 241 233 127 300 66
208 190 303
109 386 314 137 184
3 327
17 158 158 260 140 476 134 286 184 140
291 241 229 444 86 192 86 434 353
273 12 4 424 59 273 474
173 262 8 183 349
455 65 112 247
82 327 229 214 360
165 295 207 245 8 295
257 480 388 455 389 482 158 382 227 65 158 35 346 382 158
435 20 327 435 315 399 366
180 286 253 43 216 485 180 180 498 35
6 111 384 327 321 315 214 248
213 337 452 363 36
327 485 79 192 291
180 480 198 180 485 97 260
10 357 171 42 122 171 190 327 468 116
259 23 495
350 480 38 17 35 485
234 53 308
38 23 498 180
241 399 2 166 6 443 47 6 327
158 158
434 111 292 2 34 193 490 300 232 434
320 295 85 8 449 245 233
97 285 171 303 195
13 60 234 102 59 201 162
436 165 295 436 245 334 36 268 262
321 86 367 368
267 165 17 350 158 198 165 194
296 480 495 158 394
315 399 106 214 269 269 315 2
480 296 62 498 296 180 219 38 158 17 49 140 165
363 431 26 331 196 285 59 234 424 29 417 164
459 262 66 239 268
40 315 477 12 70
208 209 396 69
424 103
68 320 493 216 382 251 97 220
442 333 206 295 42 42 248 171 304
386 334 449 245 165 233 390 144 469 355 165 165 386 355
99 140
269 490 86 214 180 367 86
417 234 442 171 335 288 442
180 97 97 498 97 97 140
315 303 53 417
424 86 399 225 2 111
296 23 23
158 158 36 480 65 382 286 493 482 498
268 399 208 334 165 431
53 285 303 441 485 326
262 127 207 8 233 66 390 165 396 262
66 241 23 17 35
315 232 221 300 230 447
366 364 459 431 36
82 229 360 384 6
479 158 180 174 158 62
167 327
294 478 292 86 400 321 172 315
48 151 225 86 331 434 400 35
140 498 180 286
442 307 326 273 91
315 135 368 490 300 269 13 315 192
291 480 97 498 175 346 180 254 180 17
229 315 331 225 6 119 240
8 165 207 364 8 233 334 335 399 241 241 262 459
388 286 296 57 17 498 479 146 455
350 290 260 479 493 296 158 35 116 493 298 247 140 461 165
225 75 225 225 208 225 214 164
248 480 55 247 23 296
182 459 396 245
86 250 240 315 2 321 207 86 447 225
192 34 315
247 175 55 485 354
0 389 142 411 376 190 151 411
334 245 165 447 399 239 245 334
386 367 233 245 200 436
67 234 345 353 418 441 108
485 158 480 286
367 332 390 213 436 245
297 8 16 85 355 349 85 85 494 165 436 436 66 85 262 16
31 113 276 294 424 225 34 101 167 193 309 300 220
10 251 350 286 248 60 158 97 146
65 99 112 99 23 290 158 140
315 421 485 453 225 155 162
140 180
384 167 390 303 147 86 291 48 269 195
441 140 382 55
291 225 192 315 321 50 444 3
327 225 331 82
367 364 137 364 469 396 213 36 64 184 36 128
285 42 417 303 206
396 349 228 364 469 207 94 349 399
232 367 128 433 85 261 386
146 220 179 158 206
6 6 452 225 172 164
38 158 480 298 350 194 134
286 257 495 485 173 140 159

228 449 268 182 158 399
312 226 498 55 498
22 233 335 233 241 332 203 337 245
227 396 165 244 459 400 244 165
179 119 253 180 184 180 353
257 373 251 36 247 296
241 291 23 38 247
355 245 186 436 449 233 245 36
477 357 308 177 497 269
134 350 94 17 38
399 85 355 367 207 459 262 295 436 242
233 245 297 409 233 399 394 184 184 169 232
234 95 53 142 485 59 353
240 86 226 214 50
382 97 248 226 331
158 286 17 437 17 455 430
409
192 327 421 34 423 330
295 233 7 233 436 165 232 92
479 232
267 455 159 158 493 97 35 480 493 198 430
307 335 108 206 489 442 206
423 225 172
247 485 455 454 158 180 286 251 140 430 158
485 180 220 495 247 498 175 180 158 455 38 291
498 260 220 441 485 140
320 295 7 165 165 349 165
480 327 232 431 345 41 176 13
85 349 165 163
251 23
66 436 318 459 262 305 233 66
382 38 69 17 112 498 158 173 232
220 498 22 23 227 257 158 140 373 180
494 233 262 300 295 388
411 206 357 231 353 231 327
97 420 345 307
407 459 274 297 295
436 165 262 165 364
367 436 184 245 436 198
207 59 276 326 41 303 207 147
165 260 459 244 392
487 92 127 36 386 36 355 207 386
498 498 427 17 158
93 74
99 38 215 99 251 159 498 38 498
232 399 494 8 8 92 399
479 97 260 60 97 158 133
447 415 2 300 86 167
229 192 75 166
214 321 399 240 220 44
268 184 152 245
498 220 140 22 388 382 174 140 430 158
36 95 295
300 36 213 165 399 10 89
286 388 165
172 172 400 229
127 233 7 165 69 281
370 273 42 417 267 357 497 303 306 326 273 206
267 289 272 389 326 370 231 357 417 460
396 43 241 337 233 436 450 10 36 459
233 127 349 66 364 184 386
420 232 12 231 417 304 441 151
354 220 17 17 493 430 140
86 327 225 225 300 485
431 493 137 158
183 386 364 66 66 399 366
268 125 349 469
206 156 345 421 491
268 165 449 386 399 247 43
42 0 389 234 285 404
349 281 268 399 233 34 36 364 8 449
180 158 220 146 498 158
56 292 434
273 190 468 289 206 171 441 326 389 315
213 396 16 36 297 165 233
331 178 444 434 180
194 260 146 215 35 232
17 23 17 485 173 291
229 353 229 315 315
425 386 36 128 165 165
50 225 86 444 485 127 133 111
2 86 172 171 214 192
140 371 388 248 347 498
257 208 99 248 498 162 180 382 38
2 172 327 221 111 315 86 2
198 382 165 382 286 382
140 382 17 296 23 480
382
123 498 180 485 361 174 485 174
140 232 257 22 216
300 6 315 166 453 77 266
382 175 99 312 388 97
286 206 60 180 134 479 493
294 434 478 447 300 327 214 111
498 40 382 388 97
182 36 355
86 304 2 151 161 232 14 315 292 193 315
361 495 158 158 267 62 498 140 97
195 424 4 303 326
364 262 459 34 174 295 436 299 349 459 475 36
162 190 273 326
144 234 97 353 324 431 303 108 108 273
190 176 417 190 273
247 158 232 17 216 116 296 194 180
480 298 260 99 134 260 158 346 134 286
95 337 449 85 452 62 245 367 436 245 364 165 262
315 167 452 327 434
180 485 127 382 38 17 17 146 23 350
334 279 297 16 297 433 431 242 268
116 357 206 176 353
297 144 69 487 144 36 366
169 7 69 452 165 232 436 85 247 85 10
353 12 307 190 420 122 144 122 0 357 195
320 355 66 436 262
10 425 222 418 122 417 103 232 0
59 425 474 45
171 206 206 326 190 485 116 273 307
245 459 165 66 295 208 8 390 349
116 195 474 91 103
20 97 165
38 23 216 165 461
22 23 38 371 99 140 87 140 232 480 38 350
233 262 337 198 449 208
97 267 257 158 296 346 286
245 85 208 337 239 326 165 367 36
59 431 357 307 298 389 304
85 245 36 334 34
32 190 389 326 315 357 431
288 273 97 353 102 97 150 497 13
498 226 247 493 180 286 247
35 315 315 435 6
247 158 180
86 304 300 294 320 133 86 86 167
455 17 215 17 158
2 6 86 167 86 424 327
251 35 257 350 354
86 86 434 47 86 192 327 208 353 36
480 350 247 208 455 17
447 47 434 229 266 34 111 162
158 286 350 23 158 46 257 455
480 38 158 251 260 17
66 85 268 355 165 245 65
127 167 56 485
180 140 296 158 158 158
315
498 257 180 20 430 35 485
400 47 481 192 214 292 47 229 229 447 14 192
400 50 86 82 315 221 50
498 257 495 158 251 38 267
396 86 327 492 443
384 101 276
474 190 0 97 205 497 442 307 474 206
346 158 346 220 97 380 382 353 291
387 23 99 398 20 485 296 251
167 315 107 315 321 6 424
225 424 330 321 327 315 214
6 86 490 151 291 423 423
286 296 55 498 309 165 485 23 23 291
358 167 151 113 423 313
497 42 442 42 411 225 29 108
245 127 386 233 66 394 268
260 241 260 165 297 399 69
407 254 220 220 158 485
47 155 300 315 147 56 74 434
23 97 35 485 38 158
180 291 140 175 373 158 35
226 493 38 198 220 454
56 447 192 82 86 315 399 249 172
447 192 6 485 315 173 75
123 180 194
6 101 341 295 221 113 2
498 296 17 286 0 485 455 140
17 17 51 140 296 158 38
180 23 251 350 99 247
334 245 36 239 297 268 459 399 262
303 63 42 59 171 12
10 121 165 367 245 279 262 337
213 66 203 121 332 364 409 433 66 169 332 268
295 494 173 64 337 274 399 452
418 389 303 10 497 93
424 59 42 418 329 424 497 417 420 315 206 425
308 118 389 12 116 97 326 29 425
228 200 36 256 452 295
36 165 480 165 66 239
12 150 485 189 206 456 152 357 381 42 417 389
36 169 232 300 165 386 232 396 8
424 273 295 295 389 404 42 353 357 12 102 389 420 234
335 297 69 34 349 452 334 487 459
42 273 417 273 345 326 190 357 485
85 207 300 312
111 425 231 442 339 326 273 108 206 477 306
16 66 182 245 16
245 232 332 337 203
257 442 180 455 495 194 60 87
337 69 262 386 125 85 95 337
207 335 233 262 36 364 396
165 349 355 208 165 203 66
273 424 189 190 425 222 421 135 418 135 234
36 165 182 233 36 337 66 85 335 64 165
31 162 132 122 234 307 142 196 234 190 267 295 206
36 247 194 239 232
95 171 389 102 273 389 357 389
260 16 66 262 268
246 206 404 424 329 234 189 231 190
66 183 182 233
297 494 268 300 16 262
12 315 231 59 127 144
268 36 144 297 390 459 268 164
151 206 345 301 12 0 206 144
268 386 386 399 66 165 334
233 459 95 165 245 349 355 245 311 456 208 386
289 468 357 307 424 491 313 404 353
485 140 97 158 55 175 485 260 493 99 380 485
327 276 444 434 151
257 36 140 65 180 380
86 300 162 327 327 127 155 331 315 212 249 35
346 480 498 123
75 47 315 6 166 424 315 214 303
437 491 225 99 208 384 6
423 330 276 421 492 225 327 192 241
455 38 493 485 286 17 159
86 327 86 151 207 6 353
112 248 180 180 23 498
296 248 17 62 35 493
47 315 56
322 182 337 8 36 281 295
418 189 273 307 189 176 424 101 234
295 400 95
122 326 357 326 158
6 315 368 214 249 358 214 192 47
357 234 273 389 232 93 389
127
158 361 455 296 220
47 56 321 214 453 229 492 434 358
147 42 389 42 417 108 357 108 425
262 268 364 165 400 2 233 295 429 183 241 364 346 207
232 95 85 436
273 150 421 97 460 389 211
424 381 250 164 42 357 141 190
34 240 212 86 151 241 327 327 167
498 134 99 140 286 158 17
423 321 434 221 266 315 294 221
36 260 226 180 175 158
184 268 417 66 173 165
459 399 66 127 262 66 233 85 262 433 233 183
12 425 420 357 273 327 420
262 165 36 348 165 449
304 355 297 66 69 355
245 386 198 433
142 150 207 474 326 301 357 357 206
206 151 485
158 158 2 485 220 350 485 382 498 158 382
121 349 399 137 182 165 399 367 232 399 233
357 189 206 485 357 234 103 389
165 334
42 357 135 207 389 491 424 425 497
102 184 95 431 85 355
417 40 425 307 26 59
268 268 36 165
326 190 118 326 211 190
377 262 66 386
357 425 303 205 326
121 174 165 64 459 228 390 7 245 165 36
291 22 17 134 65 382 158
248 247 430 382
8 16 165 262 66 165
441 326 425 424 116 303 485 135 113
320 23 498 180 296 134
389 361 220
92 158 182 169 66 245 36 245 459 428
29 326 42 311 59
262 364 386 334 165
172 214 151 99 353
137 173 34 198 297
292 327 490 86 327
180 285 248 215 442 175 165 158
442 442 345 206 370
165 85 245 165 91 262
118 206 357 206
382 286 382 251 97 485 17 215 22
262 449 469 95 233 245 36 355 51 36 128
364 144
234 425 497 273 326 189
337 337
424 273 102 421 42 389 53 190 231 298
315 300 6 111 86 86 225 293 147 327 6 75
180 97 382 97 312 220 158
400 102 206 79 86 249 315 74 455
349 268 459 297 137 349 233 244 69
192 300 229 490 207 195 111 2 44 232
60 326 360 190 381 153
165 447 295 436 366 125 337
122 176 357 273 10 42 289 353 441 417
303 425 234 304 295 196 273 370 339 189 196
334 91 334 165 165 260
394 69 5 442
404 176 357 26 234
85 312 66 436 268 317 349 165 64
66 66 36 337 85 452 173 428 208 198
220 286 257 55 441 20 312 296 482
214 2 474 315 86
116 389 307 207 298 42 308 29 113
184 182 366 127 232 399
493 455 173 260 398 479 180 158 296 286 35
386 66 7 452 399 297
85 396 38 262 165 262 355 233 213 348 262 239 245 268
245 182 295 239 262 268
212 240 452 86 167
367 127 449 407 334
121 165 228 449 8 152 396 8 66
116 12 102 335 357 431 313 303
165 295 260 127 422 366 412 233 69 335 16
226 206 357 10
339 135 42 456 135
364 349 459 268 349 233 121 355 355
241 355
281 300 43 144 382 165 137
216 307 424 0 276
194 35 165 99 140 97 485
158 425 442 232 357 64 303 417
133 192 353 166 267 101 327
382 112 187 286 46 350
247 38 482 286 226 220 158 38 17 492 220 247 36 22
249 192 225 44 172
225 86 86 453 241 241 172
66 281 295 262 446 66 165
231 335 59 41 116 357 13 97 424 389
36 8 198 436 259 407 364 165 66 349 16 36
128 165 245 494 399 297 200
66 165 165 245 334 233 452 173 66
335 42 63 308 370 189 460
40 424 273 116 345 42
357 295 273 273 59 12
169 64 169 233 390 260
206 234 108 59 234 474 189
459 260 7 386
268 262 66 396
4 421 176 424 234
66 452 335 233 66 165 388
232 469 232 364 233 452
42
232 121 233 334 66
425 190 307 102 53 424 295
459 386 229 295 366 165 297 386 169
357 12 189 42 234 42
417 431 8 233 92 64 36
36 228 121 366 469 268 36 233
108 42 273 234 295 303 189
42 59 189 389 11 60 97
165 92 95
329 389 176 189 59 295 234 206 116
399 280 165 268 295 262
421 417 232 460 303 234 10
386 8 245 232 8 436 436
208 36 95 320 65 36
346 20
218 296 327 133 166 474 390 303 490
296 479 226
50 101 86 327 300 315 294 50
23 206 23 350 23 493 251 382 220 248 247 60
476 165 480 99 498 140
47 44 225 424 167 206 101 214
479 158 97 17 493 291
321 399
353 286 194 38
304 151 327 86
382 226 498 346 150 296 260 479
248 480 60 22 257
394 198 66 87 251 296 17 286 180
286 455 17 40
225 434
209 295 127 165
315 288 357 132 303 234
233 469 92 62 469
205 108 460 303 206 97 206 234 497
95 184
211 36 165 233 332 334 245 169 297
158 394 208 127 262 390 469 399 446 184 8 349 396 487 245
417 424 103 207 353 308 273 246 326
267 13 454 42 431 424 389
300 366 232 366 262 436 239 239 85 281 390
16 433 386 232 229 349 169 16 36 245 232
307 424 144 424 144 417 441
66 245 349 447 233
441 389 289 226
190 176 190 116 142 190 326 273 122 307
42 206 389 335 5 97 442 417 304 234 267
59 108 206 303 424 417 171 144 29 234 190
332 95 233 165 76 16
285 17 257 38 296 134 22 216 430 389 498 480 251
399 433 66 233 262 355 295 262
262 165 165 493 431 449 285 233 366
6 315 50 327 192
332 165 436 66 268 386 367 239 8
176 97 497 418 206 234 381 326 97
165 399 233 173 187 36 334 169 337 165 36 252 137 364
453 128 367 233 64
85 233 436 449 239 386 386
47 86 490 331 56 214 443
64 177 350 241 22 493 180 87 251
175 180 180
172 86 294 86 367 214 176 35
198 202 388
493 248 97 106 498 482
150 37 350 382 232 485 23
101 193 407 192
97 165 388 296 479 60 485 430 430 158 241 455 441 350
151 415 286 232 327
75 75 56 20 6
350 226 286 165 158 498 286 480
214 315 452 490 77 490 206 172 315 444 44 47 406
146 480 134 493 455 180 23
493 180 35 485 350 146 158 158
349 69 36 436 407 128 390 295 349
262 469 127 366 364
389 381
152 245 36 245 208 452 262
234 460 424
324 337 353 250 485 97 42 389 59

102 200 66 295 366 85 207 10 364
417 307 425
36 399 8 349 262 36 425
234 485 474 303 381 234
498 158 241 498 493 226 479
85 8 262 182 173 232 182 16
234 417 174 11 273 250 407 289 189
16 459 95 295 165 85
296 173 485 248 180
206 441 357
436 349 449
247 459 158 8 36 36
312 140 346 485
238 2 99 453 86 327 292 82 452 474 127
232 353 97 146 493 173 286 158 479 173
144 268 165 245 208 121 66 64
456 153 97 353 326 303 26
189 357 303 418 12 122 357 189
244 364 245 182 198 121 165 390 36 332
421 497 308 326 42
485 142 273 176 442 64 150 135 424 357
233 459 459 364
244 297 158 233 165 165
101 2 248 3 269
29 350 398 55 97 23 480 485
399 165 390 262 232
106 17 350 298 232 354 485 62
23 158 180 498 119 17
353 498 296 381 296 146 444
232 192 2
51 17
16 297 337 433
315 409 172 300
127 311 355 85
479 498 158 350 158 232 382 485 267 23 208 486 260 180
423 327 172 3 182 294
106 97 382 498
364 390 127 355 85 399 245
48 50 490
17 17 371 35 260 127 140
158 215 215 180 158 215
327 241
459 455 455 291 350 158 97 60 158 346 17 97 407 479 232
273 308 26 474 142 389 273
85 85 268 300 269 245 295 245
363 176 42 12 326 474 12 273 418
262 165 364 279 233 85
389 29 248 417 190 357 326 156
171 456 206
190 326 151 12 196 42 307 417 424 42 417 285 273 234
469 262 449 16 36 245 386
108 295 357 102 267 12 190 311 357 122 189 190 474
5 452 364 173 268 245
487 297 245
165 262 137 259 436 232 66 127 91 268 8
433 127 165 85 66 268 232 399 334
268
386 459 262 245 320
382 388 498 220 46 17 385 35 455 112 251
435 0 276 303 273
452 137
0 42 190 158 42 295 29 441 326 357 357 421 389 67 97 234 12 10
474 491 357 171 190 226
66 34 366 399 295 232 268 165 8 232 337 165 390
233 355 239 355
207 259 92 494 332 399 34
189 353 199 389 103
313 231 189 417 171 435 441
441
109 389 231 357 468
158 497 418 234 389 206 234 60
431 262 386 85
189 417 273 193 418 357 109
417 222 116 234 303 497 189 485
180 241 452 111 6 447 291
165 180 286 55 38
23 159 479 165 485 23 247 296 87
173 386 245 186 66
381 370 307 42 288 67 326 195 273
152 469 200 390 233
248 60 220
297 364 262 245
97 38 233
229 6 79 327 212 86 469 221 399
291 485 220 430 17 382
407 396 245 459 349 207
303 421 232 357
121 295 66 334 233 164 165 449 355 36
134 127 247 480 482 158 99 140 180 247
192 321 6 13 444 315 192
22 165 286
182 66 8 8 262 406 66 228
306 176 456 199 189 29 97 425 234 108
449 121 349 297 366 335 36 232
234 116 424 460 306 64 12 206 109 231 307 381 190
446 262 66 295 436
186 165
141 116 285 357 273 431
222 189 273 424
295 66 85 182 297 295 449 399 165 66 232 16 213
394 355 174 165 66 66
260 8 66 165 388 239 207
307 207 357 389 189 497 42 222 12
53 59 176 389 207 442 456 60 116
320 399 233 262 203 165 66 207
398 158 248 157 23 140
69 364 233 13 232 165 452 459
418 485 357 295 425 158 345 29 485 190 280 147
441 286 382 158 286
16 184 364 268 245 489 213 239 85
75 214 79 225 2 35 327 400 47 315 321 221
425 303 95 206 353 206
334 459 292 355 399 121 165 449 494 337 400 297
102 171 171 10 474
229 327 434 151 353 206 384 229 2 478 189
406 20 180 97 158 246
100 350 251 498 87 112 226 17 296 194 46 62
35 434 447 47 86 434
349 300 436 36 66 183 8 459
433 66 355
307 295 232 474 156 425 389
137 207 85 320 245 487 284 386 165
103 303 421 357 273 158 425
233 326 233 165 452 239 152 8 312
12 357 5 345 357 234 194 326 190 417
364 436 399 147 8 8
498 479 382 60 286 206
180 38 455 216 498 485 382 174 158
454 99 158 23 97 17 455 97 150 296
250 327 50 291 86 315 327 161 192 214
350 220 99 165 158 23 60
320 215 350 226 97 158
494 355 305 262 16 364
357 107 327
173 100 480 430 232 382
250 300 172 47 407 353 248 399 407
140 430 140 257 65 296 22 312
2 225 266 214 214 240 225 266
229 214 193 276
206 257 226 97 247 97 97 140
207 358 225 214 79 2
97 232 248 381 158 482 495 257 97 99
92 396 349 0 394 332 245 332
206 95 389 4 424 122 234 171 303 306 357 11 431
171 190 357 410 118 151 26
16 158 13 469 396 480 262 399 245 128 452 355
389 460 307 442 162
66 422 66 245 229 297 8
326 273 288 4 389 497 280 232
386 95 66 92 184 85 349 239
196 190 196 326 97 222 417 135 234 295 307
273 424 307 310 389 389 42 32
291 315 240 320 192 47 390
87 493 498 498 498 346
56 315
296 87 100 232 485 140
94 165 232
291 493 158
233 487 396 203 7 318 349 349
121 450 386
295 102 441 389
158 186 281 245 165 165
23 312 286 180 485 251 150
490 447 399 266 225 214 225 182 327
17 165 158 291 140 350 17 23
232 327 276 6 423
498 180 493
467 315 300 465 86 240
315 327 374 300 423 229 367 406
134 380 482 480
388 245 229 262 127 268 295 459 233
234 404 331 417 12 109
108 357 420 162 326 421 42 418
455 226 251 498 158 17
233 446 467 245 390 69 233
480 498 226 479 158 97 257 158 38 23
174 182 165 268 320 8
247 300 480
35 22 23 38 140 158 158 382
294 238 34 35 250 151 162
425 357 199 144 345 190 326 12
158 233 233 92
394 436 66 92 399
122 303 171 116 42
102 300 6 221 81 452 164
47 192 289 167 47 155 241 357 315 107
159 498 180
192 321 315 415
286 97 480 134 482 480 87 493
357 273 206 389 490 313
366 436 232 165 241 268 128 394 390
12 42 421 303 431 234 190 234 10
321 300 269 206 86 291
140 97 23 17 17 479 35 480
97 173 498 175 485
315 167 321 225 321 399 113
208 327 321 240 99 240 6 294 44
213 169 16 233
0 418 12 102 12 171 303 357 485
295 233 386 436 436
102 326 97 421 177 273 144 4
213 349 355 297 165 66 386 386 452
382 55 206 461 22 485 134 184 251
262 355 173 91 165 12 137 386 165
327 291 399 172 172 106 135
159 17 257 480 17 220 480 493 17 226
366 390 247 349
17 180 480 485 140 220
97 411 303 357 276 206 280 307
192 294 214 434 327 315 321 6 315 406 495 86 192 399 284 240
207 213 349 198 208 8
296 493 459 286
386 449 66 233 245 279
233 332 279 386
357 333 206 53 42 267
207 95 36 97 245 8 213 85 412
357 357 280 60 267 425 326 417
85 388 364 245 312 66 489 459 459 295 85 425 364 459 475 396 36
97 206 273 478 303
386 349 355 165 406 233 36 230 390 349 396 239
67 389 456 417 164 164 303 474 442
382 498 60 371
64 245 317 239 245 260 8 268 449 459
225 151 82 180 424 266 421 220
307 207 497
399 16 260 165 469 417 295 8
407 314 436 91 8 213 364 337
116 206 234 295 0 0 190 357 12 234 389 353 31 0
31 97 303 206 339 357 273
386 337 494 66 229
121 208 229 233 16 268 399 355 436
66 268 207 447 396 355
417 206 29 307 485 222 10 12
367 337 228 36 334 295 233 169 36
66 8 320 399 211 239 66 184 245 228 262 364
283 353 460 326 307 357 389 206 353 273 234
308 269 59 306
191 165 165 431 396 232
2 56 189 111 220 300 50
232 260 158 257
234 474 276 417 417 442 234
379 165 152 396 459 459
151 485 4 59 357 315
337 297 233 449 332 295
349 355 64 66
456 234 142 269
390 208 297 165 355 262 233 174
398 455 40 97 99 158
423 86 192 444 192 34 225 240 331
368 180 50 86 292 93 82
373 247 140 226 257 286 346 353 194
162 327 294 269 327 240 320 232 86 327
498 140 260 17 479 180
498 112 441 382 17 97 248 394 296 498
292 374 2 86 293 490 327 192 106 315 155
421 234 306
65 206 216 158 23 257 165 219
12 122 370 206 424 389 42
234 233 43
12 118 231 12 12 206 474 417 190
165 232 431 399 165
42 5
459 184 208 213 245
26 234 285 12 304 108
363 173 349 262 399
182 459 459 459 69 332 295
206 326 156 165 234 208 485 335 345
144 7 158 436 332 245 355 66
171 424 389 42 64 225 109 67
234 190 304 234 108 12 295 441 418 431 357 190
7 433 233 228 337 436 13 85 396 295
389 389 389 304 150 234 0 421 273 431
208 0 389 108
239 268 262 165 241 8 184 349 452
436 394 165 165 16
190 103 460 64 424
493 232 297 233 396 247 66 165
485 311 0 26 303 431
127 173 121 399 36 245 245
234 303 42 207 165 118 485 303
208 165 10 300
357 431 295 485
23 373 22 430 35
411 234 307 303 273 357 118 273
85 297 16
241 225 454 313 292 315 86 79
474 234 108 313 60 103 295 357 190 315
333 60 190 151 442 307 389 234
17 194 485 259 430 382 158
233 300 279 183 311 268
156 431 273 269 417 357 42 97 425 206 10 12 103 425 42 97
294 229 368 107 50
286 206 430 241 206 17 346 444
276 382 321 99 35 434
459 262 494 241 355 245
307 421 324 417 353 190
60 144 307 189 360 303 97 103 190
17 17 17 23 23 247 140 158 257 360 480
262 8 232 233 66 349 297 295 433
364 165 66 260 241
345 97 273
345 273 206 42 273 232 295 357
297 65 459 184
189 97 389 113 353 381 29 53 466 491 456 303
233 95 69 349 262 396
164 431 164 273 389 234 468 333
165 169 334 66 487 380 262 469
339 370 12 174 97 42 190 59
12 206 147 122 222 206 97 474 417
183 459 36 386 213 245 349
171 425 162 206 326 306 460 158
127 65 262 85
284 315 166
247 485 296 479 116
269 101 353 206 240
99 321 294 399 225 47
380 247 158 296 485 36 260 380
17 247 480 39 480 20 35 17 232 498 158 17
183 66 8 396 165 433
12 232 190 389 389 307
268 36 36 262
180 55 247 455 485 291
151 471 300 327 353 294 400 2 374
99 493 257 97
273 313 315
42 326 307 42 370 353 295 357 273
62 225 151 399 321 82
296 248 180 22 251 286
239 228 230 127 165 5 260 452 233 233 334
208 334 7 262 16
300 400 208 214 315 13 327 327
346 23 493 38
65 180 22 498 158
6 327 214 86 256
17 485 373 140
14 315 221
387 291 267 498
476 97 66
182 85 262 436 268 244 399
35 175 394 46 17 140 140 174 158 140 247
152 161 400 47 269 161 86 86 241 300 423 321
206 40
66 232 459
140 493 430 251 286 158 480 140 23 286
262 208 232 349 184 459
86 452 447 434 151 427 358 56 315
35 257 17 140 206 493 498 304 158
485 444 485 37 158 260 382 180 480
367 8 232 425 366 295 165
42
411 164 122 95 234 232 273 189
262 66 165 436 297 208 85 396 245 239 320 297
357 95 97 357 345 12 485 206 420
36 233 364 183 239 494 355 262
190 26 345 303 10 29
399 8 349 386 349 433 85 95 364
431 396 233 207 452 66 207
42 357 169 176 357 441 289 144
273 304 324 234 357 190 0
1 134 260 35 158 455
86 415 384 327 423 6 172 304 214 86 240 447
485 259 216 346 38 260 257 215 55
425 367 85 165 262 229
485 286 17 382
180 6 447 302 212
229 225 315
165 180 180 479 485 140 17 286 290
296 480 232 97 480 23 498 236 38 220 180
20 315 164 192 111 113 423 353 111 214 161 327 495
165 66 241 399 436 36 300 158 326
382 396 459 239 386 8
382 110 140 179 498 17 23
12 421 295 326
256 386 207 36 390 494 182 245 8
485 87 350 94 158 296 97
97 268 207 127
424 420 357 303 431 190 144 42 234
469 183 245 295 349 364 449
26 313 303 272 357 485
42 169 357 97 116 304 103 97
349 165 16 262
382 22 485 198 140
184 262 152 165
12 313 315 307 189 12 485
424 0 421 97 456 304
259 455 180 140 158
433 386 165 494 233 459
171 234 151 468 75 425 234
417 442 307
128 144 163 281 144 245
85 262 144 207 349 158 137 367
292 233 36 349 436 274 213 66 207
66 459 493 85 173 233 285 127 334 334 198
147 421 421 206 313 474 357 357 326 234
153 176 342 295 418 12
206 42 456 307 303 190 280 357 273
307 234 421
38 447 76 8 165 295 92 297
497 29 234 357 190 42 190 206 158 326 459 326 357 491 177
56 69 127 279 349 165 165
349 295 396 233 469 475 158 229 349 388 262
361 206 291 290
325 447 276 304
158 346 23 146
8 295 349 326 16 200
267 29 12 485 26 234 357 59 12 417 466 12 456
233 165 183 233 300 364 433 127
175 480 498 423 17 498 140
326 66 494 102 8 349 169 165 7 399 364 247
0 234 42 234 474 42
241 23 430 62 97 480 180 20 17
128 207 245 183 85 364
16 297 260 165
420 411 333 206 234 456 474
192 151 161
347 382 87 158
337 152 366 207 36 392 399 34 69 182
173 140 232 158 219 87
6 6
44 266 327 106 50 86 241 151 320 315 82
34 315 232 269 167 207 327
35 251 87 380 387 430 493 17
66 174 127 396 8 252 268 36 262
498 180 296 206 455 382 346 177 226
44 167 86 192 294 276 276 315 56
248 169 4 29 418 425 206 12
38 35 29 259 38 454
286 227 389 480 158 232 382 479 158
150 151 166 2 212 192 424 240
57 158 17 493 485 248 480 40 40 251 99 382 482
479 36 165
447 241 353 173 113 315 238 301 207
349 396 66 394 97
327 166 20 6 86 374 77 86
247 326 0 357 30 485 142 307 222
476 324 220 296 291 65 296 235 291 382
232 151 352 266 86 294 167 491
77 327 2 20 75 193
86 20 269 15 292 192
17 247 38 251 232 158 23 480
158 482 498 498 248 430 37 479 55
386 268 431 127 66 182 417 245 320
262 268 387 386 449 12
363 339 418
23 461 232 273 17
400 334 8 320 262 268 245
257 216 220 97 226 46 17
447 352 192 302 294 6
239 300 436 300 184 228 459 487 349
478 315 424 425 307
296 248 22 17 140 100
389 116 147 357
56 161 2 192 214 208 315 50
251 206 158 350 180 134 97
158 320 382 146 312 134
480 493 296 158 485
142 189 162 234 357 313 196
207 233 469 436
122 108 370 315 53 42 417 12
165 366 184 66 213 262 165
144 190 357 190 273 102 97
498 17
251 286 38 17 382 158
452 436 121 407 165 66 436
42 102 295 345 116 424 103 273 273 289 313
166 225 225 151 86 309 399 101 220 86 34 321 86 382
12 273 357 247
66 36 337 268 262 182 66
42 102 273 13
66 337 442 399 452 10 493 66 8 228
158 479 371 480 260 158
165 367 262 245 406 36 165
140 17 23 493 87
327 358 400
295
232 295 121 386 262
455 60 493 23
140 159 455 146 99 286 493 97 323
182 165 16 349 233 247 261
424 93 420 497 171 307 171 144 97
273 147 326 327 226 335 474
262 233 349 349 297 399 36 399
102 4 42 442 219 454
434 229 111 294 86 266 315
257 347 479 174 99 38
17 350 177 382 495 257
167 214 193 358 192 167 47
260 35 479 485 248 158 175 220 184 175
240 303 315 347 315 427 6 221 2
460 421 326 13 424 485 435 147 12 417 234 389 497
66 186 334 245 262 349
184 262 494 69 431 386 245
418 345 389 357 389 273
459 295 459 144 262 390 165
118 234 425 417 255
449 165 431 364 406 297 318
431 36 234 349
158 135 234 466 333 326 308
12 304 222 418 315
442 135 64 190 11 273 336 250 42
366 233 386 8 208 66 66 459 399
262 165 165 233
357 456 12 345 234 91 497
165 66 232 8 262
389 389 304 304 339
436 297 164
463 295 165 446 364
418 189 411 189 234 424 417
337 245 449 456 334 245 351 66 297 34
198 485 286 286 298
99 192 34 294
158 382 158 354 259 485 38 350
165 355 311 320 236 364 144 452
12 389 153 122 232 295 489 234
36 232 207 66 8 436 386
12 206 176 211 267 42 459 417 357 226 32 234
399 386 318 239 449 262
82 327 453 111 276 434 300 2 130 453
17 423 99 220 38 180 36
380 38 251 498 175 173 371
180 474 44 300 321 86 485 192 79 291
8 165 127 183 239 66 268
353 42 234
449 233 459 245 430 279 386 396 386 8 69 459 400 36 127
251 65 158 371 140 146 146 398 498 17
262 459 16 69 16 85 66 208
420 108 417 135 417 164 474 108
190 109 485 307 442 234
407 232 158 494 183 245
183 295 233 174 16 233 449 66 169
12 425 295 206 389 326 142
0 357 431 190 303 295 273 295
386 320 260 102 335 183 390 297
97 442 435 273 207 42
345 206 468 190 234 326 206
241 268 334 165 229
245 233 364 91 297 367
97 16 165 228 207
425 363 273 199
357 273 135 353 116 10
244 43 233 232
12 206 389 420 189 303 95
326 42 295 102 12 421 306 10 333
386 295 295 318 459 16
357 353 234 59 189 189
67 0 147 42 0 357 491
295 295 355 390 200 165 233 233 127 245
386 247 158 247 459 436 431 244
295 364 8 16 8
425 389 102 189 420 142 276 285 122 222
190 206 206 189 150
36 297 245 36 494 355 213 268 233 295 165
425 389 234 307 273 285 12 116
431 53 456 417
232 400 262 399 165
165 334 262 379 85 36 399 245
190 144 206 421 108 122 389 417 442 29 329
189 189 273 142 234 0 234
337 399 436 165 349 364 8 268 436 262 232 209 173
307 417 357 102 234 357 144 12
109 297 334 386 228 158 232 36 364
280 144 431 280 308 102
498 331 251 257 498 257
151 327 315 192 321 421 229 35
296 23 216 257
62 214 13 56 292 167 315 225 86 294 434
158 99 158 180 257 331 480 226 485 97
51 248 479 87 36
64 295 233 349 229 233 174 233 91
17 455 17 165 226 146 479 140
334 494 66 34 295 459 452 295
485 455 479 220 485 140 140 286 174 480
353 315 276 207 304 111 2
452 363 256 348 165
223 262 165 262 41 36 295
234 307 234 389 144 206 442 12
97 13 109 29 195 164 190 280
8 295 245 165 431
103 42 195 196 497 424 30 468 97
360 86 434 212 212 232
455 17 247 480 350 38 158 22 158
297 232 247 36 394 494 232 66 232
165 334 386 367 386
108 420 303 12 335
452 412 295
17 459 286 17 382 173 65 257 479 350 485 158 140
180 371 260 220 444
180 498 296 241 38 35 298 180 493 17
411 487 396 165 121 412 182 169
384 161 384 206 82 221 180
382 97 286 165 17 0 198 134 493 257 296
151 490 353 315
201 295 12 228 425 456 295 289 456 389 273
304 442 326 206 303 169 474 135 272 189
64 233 261 233 36
85 297 326 66 8 262 10 233
158 23 493 183 247 498
207 192 241 3 166 192 86 434
206 22 346
66 433 494 203 233 456 233 300 85 165
349 13 36 239 233 334 399 409 36
307 295 206 313 142
42 206 189 353 273 324
334 459 447 452 355 233 396 262 326 449
345 389 425 97 158 345
36 388 245 165 326 85 295 165 233 268
485 482 140 498 165 257
42 425 4 150 353 418 42 404 326
140 485 180 180 158 493 220 226 296
226 158 97 184 498 216
337 245 281 390 386 386 386 268 165 184
192 352 327 315 353 86
42 485 12
386 90 233 355 85 165 399 127
23 247 350 140 382 286 296
240 267 113 424 315 284 225
430 286 87 65 286 350
74 315 232 214 300 384 327 327 214
307 425 156 248 116 97 234 418
367 8 174 34
12 190 425 308 108 477
425 357 326 42 234 326 26
232 245 399 295 487 399
497 357 295 389 171 360 357 306 307 335
17 346 140 140 350 260 158 180 165 312 498
357 389 441 295 295 303 424 42 12
17 180 382 140 267 17
241 165 8 223 436 274 260 66 207 244 173 349
455 134 346 455 479 38 498 498 165
134 216 251 498 220 382
399 447 241 315 214 81
320 192 212
100 480 65 498 286 158 0 140
66 315 400 292 384 74 421 111
180 23 455 55 22 257 382
62 192 327 232 99 2 167 358 86 86
35 17 180 388 482
276 74 406 166 86 304
479 158 423 309 455 480 140 350 348 485 38
86 192 91 447 248
361 498 146 97 479 219 286
82 447 434 300 382 86 302 86 2 353 75 495
180 112 65 23 485 291 134
449 469 396 36 85 165 36
461 17 158 134
34 56 161 327 220
248 454 194 17 23 350 194
447 86 220 327 353 155 384
180 127 158 184 346 22 174 158 38 259 150 202 23
374 172 77 327 214 423 6 291
248 294 225 113 2 249
221 327 113
140 260 22 173 180 23 463 241 260 493
262 390 456 233 165
389 10 97 189 424 474
297 380 334 396 388 239 430
233 317 355 295 109 431 69 450 262
189 164 206 345 171 326 67
234 12 42 118 234 342 370 142 234 435 420 42 421
209 241 380 64 431 165 261 165
300 245 262 268 436 233
234 357 295 485
232 312 8 459 295 396
0 357 280 206 0
295 300 262 355 7
273 190 425 12 421 485
315 6
364 165 66 233 85 407
11 306 156 485 424 42 26 113 288 418 196 418
498 140 380 38 158 398 454 140 194 298
207 221 434 303 238
349 262 174 386 158 364 34
482 158 480 140 17 382 296
399 165 66
315 161 415 490 320 35 360 294
399 386
85 128 233 233 233 233 268 36 16 245
291 352 151 56 294 423 229 6
215 23 173 291 194 296 180 35 227
189 474 189 10 357 206 353 474 357 370
159 389 134 158 493 180
441 357 485 442 103 357 307 431
427 296 195 485 286
17 17 371 485 198 498 493 455
353 232 315 327 331 101 469
158 100 257 97 38
479 62 498 485 35 498 290
55 175 251 140 380 382 485
158 180 498 286 251 493 267 388 220
194 260 248 22 62 220 36
267 22 361
207 71 102
382 55 134 485 38 158 140 498 498 180 455
208 97
184 245 337 396
357 357 171 389 417 234
447 119 327 6
495 485 17 180
86 86 327 207 434
300 292 434 321 399 2 6 225 214 250
42 326 190 103 108
247 241 364 262 297 85 436
485 307 345 357 485 42 144
95 326 349 233 232
8 259 459 349 317 399 335 232
321 294 221 485 327 241 406 315 155
35 430 127 66 112 382 165 97
86 151 399 82 321 315
455 498 17 180 17 184 174
16 399 337 367
42 456 12 357
291 180 127 485 17 485 248 493
34 192 86 32 221 327 315
498 146 158 382 38
221 74 214 212 225 86 294 399 321 75 279
257 180 498 140 22 226 134 463 382
35 17 187 476 286 247 350 353 409 206 97 158
423 86 77 434 167 266 111
245 456 233 229 349 66
249 327 399 221 86 75 214 315
315 276 2 327 358
315 86 35 172 161 447 321 167 111 34
291 180 354 267 150
155 352 111 6 6 111 240 240 302 86 113 292 434
165 66 92 16 469 8 66 233 281 449
417 267 29 431 424 357 345 326 42
10 418 315 357 295 267 147
355 121 337 233 208 232
245 115 165 8
456 231 109 60
111 326 42 424 370 189
498 300 179 35 97 382 158 140
304 273 108 108 12 97 176
364 399 320 85 233 184 399 262 34 233 337
350 485 66 226 493 485 382
165 320 232 85 233 184 459
459 66 239 85 446 380 452 436 165 245
264 318 318 232 349 245 16 10
23 146 38 23 394 38 194 140
47 315 111 229 485 315 161 313 225 485
198 485 226 485
436 165 165 268 332
229 436 121 349 16
485 158 485 17 498 382
206 208 208 286 498 427 17 180 87
452 151 352 315 111 86
36 459 469 268 233 128 66 232 239 337
99 480 99 248 493 165 495 23 23 60
135 158 12 273 164 303 190 234 333 108 420
233 165 396 452 364 409
345 42 97 108
122 417 456 273 206 42 144 189
452 261 364 66 97 245 366 459 394
22 36 437 388 36 245 364 334
234 45 313 42 301
295 234 466 42 289 206 12 303
394 102 279 396 355 295 66
337 127 125 262 66 364 233 69 349
297 364 245 252 355 332 433 459
16 239 244 211 355 66 349 449 34
137 390
194 207 97 12 171 295 303
357 156 417 53
36 306 334 462
67 273 424 288 307 431 234 171 97 389 418
257 23 389 97 165 140 220
17 38 66 260
214 353 400 214 214 365 327 35
165 146 251 99 174 60 23 23 286
99 56 81 6 75 276 180
74 86 86 327 298 151 102 82
357 485 389 231 29 0 474 421 12 353
474 417 4 285 442 169 295 280 190 303 232 490 234
158 35 158 248 180 180 247
0 144
276 13 153 357 234 417 389
300 66 399 245 163 268 295 241 233 232 208
425 329 307 485 389
200 262 274 207 396 165 8 233 8 36
245 245 245 295 449
182 494 66 399 229 452 165
86 294 173
286 296 48 248 389 57 498 97 40 180
459 34 274 349 127 494 300 147 198
357 273 53 466 93
269 113 99 406 353 304 6 421 167
485 184 38
192 44 249 315 192
248 97 22 158 454 158 35 296 232 480
469 36 364 8
152 421 363 42 441 108 273 0 12
361 87 17 165 17 382 220 65 232 479
352 232 86 161 113
216 99 97 174 140 479 382 220 382
226 66 251 38 87 226 159
16 8 244 233 366 386 233 233 245
190 326 189 389 307
364 121 233 459 245 184 459
421 303 156 389 53
370 424 370
396 386 433 165 494 390 66 233 417 459 299 392 456
276 0 231 357 141 404 425 189 234 234 389 303 158
493 159 286 194 97 23
315 300 172 390 6
326 245 232 165 386 165 165
42 357 273 304 389 420 357 324 460 326
386 92 34 36 449 66
66 36 232 436 14 36 383 174
0 357 303 485 103
233 390 144 165 85 245
225 50 313 241 13 47 86 384 315 315 99 2 379 86 86 384 353
34 225 315 490 358 86 315
286 2 247 382 97 23 17 498 498
99 23 286 350 159 498
353 296 350 23 480 158 174
262 295 0 268 359 36 268
97 12 417 350 357 206 190 389
69 85 436 268 109 36 12 8 459
239 297 165 165
269 417 13 339 103 122 234 389
233 239 244 262 165 367 388 364 245
381 42 11 196
331 232 146 247 382 485 226
434 291 384 250 164 409 327 220
165 22 485 22 17
399 165 127 232 295 66 364 364 36 85
269 173 86 292 47 206 167 240 6
436 364 436 431 85 127
382 180 493 87 350 219 23 382
151 86 353 225 50 164 2 292 302
34 192 86 296 230 421 32 240
382 267 455 296 97 461
206 307 424 326 431 97 190 424 417 468
233 430 449 428
303 189 206 118 93
452 95 165 452 297
382 394 158 247 298 110 17 87 241 498 232 65
300 165 184 498 158 134 215 158 485 485
187 449 213 8
357 442 45 189 273
205 206 313 307 234 353
16 355 232 428 459 165 399 247 386
234 232 491 26 206 357
386 334 366 66
189 42 357 313 273 357
297 66 56 245 239 36 165
241 214 221 221 161 248 241 79
111 180 479 29 140 175 195 198
2 82 151 276
82 327 353 434 162 291 232 232
493 17 150 140 22 97 394 158
423 97 382 350 498 23 36 140
220 388 380 134 493 382 296 251
206 50 327 221 315 423 192 254
233 399 489 436 165
493 158 84 498 97 290 35 354 232 112 38

295 77 229 315 315
208 480 387 373 461 87 97 260 38
257 35
300 360 192 240 315
60 455 296 485 165
298 247 198 353 17 479 140
315 434 315 315 167 86 276 79 284 230 276
97 221 276 151 315 229 315 111 327 269
194 232 296 140 480 97 140 17 226 198
180 216 251 479 260 480 62 140 361 146 251 485 55
12 180 110 382 485 455 290
295 297 349 297 436 69 459 233 233 367 184
295 172 225 327 327 86 276 447
251 97 498 286
146 158 455 158 158 140 17 350
315 86 240 50 34 167 192 86 86 111 291 315
192 238 249 399 238 82 172
259 175 87 389 251 32 382 251
165 239 8 16 295 297 367 157 69
174 22 480 55 480
279 36 295 8 449 85 36 165 459 128 165 66
150 122 116 206 417 147
400 315 47
476 267 140 290 398 173 60 140
122 108 424 273
373 32 23 158 49 17 480
312 304 312 470 461 485
251 382 498 273 251 99
291 230 161 465 315
364 92 268 233 165 262 260
425 280 206 97 307 497 13
183 69 332 297
436 407 443 247 269 165 335
460 335 273 303 313
357 108 142 411
205 176 345 122 102 103 190 176 389 234 389 232
303 144 176 497 389 195 313 425 345 97 231
399 82 66 399 121 332 165 334 262 233
36 245 469 241 233 366 241
357 326 195 307 103 357 357 485
118 357 497 118 0
10 279 36 165 396 92 245 245 165
485 289 206 435 335
355 281 297 436 183
364 297 184 297 239 66
382 216 298 20
248 281 87 248 247 180 38
208 494 36 85 396 268 428
349 355 262 128 16 428 102 183
273 441 246 417
161 172 44 164 434 490 327
97 248 232 498 194 382 127 232
121 182 164 85 239 452 232 66
85 349 379 90 66
327 327 495 276 490
82 35 321 164 384
42 315 234 485 232 273 288 357
262 386 245 295 228
442 344 12 424 417
267 189 248 11 389
449 494 16 66 295
113 424 357 234 211 326 12 442
433 233 91 300 459 247 203 173 264 469 260
226 357 116 370 420 206
295 228 245 36 165
332 399 452 297 200 244 459 232 260
220 146 194 346 251 485 35 165 493 208 247 371 140
140 357 478 326 273 189 42
180 165 286 291 179 97 480 140 430
306 234 42 295 42 102
315 47 485 423 221
320 409 140 23 455
286 389 97 382 485 35 23 498 291 180 259
16 355 36 223 260 452 165 208 469
212 327 399 192
389 147 222 491 189 326 308 42 190
390 232
127 394 349 95
326 155 10 42 417
151 315 178 86 50 374 212 374
350 87 87 430 493 110 350 180 485 180
165 267 134 389 350 140 17 493 381
390 144 364 233 165 431
273 59 307 345 474 222 97 441 425 12 460
367 213 66 245 300 232 115
118 135 102 273 456 234
326 60 345 12 190 357 441
459 69 66
295 367 164 452 332 36 229
97 313 417 135 97 348 425 456 135 171 0 118
456 206 345 42
411 10 389 418 420 42
69 8 334 165 223 475 66 36 364 262
42 108 273 116 485 137 12
480 382 87 485 498 350 350 23
321 135 172 167 276 130
111 50 172 86 221 192 34 14
60 350 158 382 430 247 17 158
327 424 161 315 192 474 206 315 353
386 66 334 182 446 295
273 59 335 357 357
337 165 494 208 436 66 262 244
389 102 156 420 189 303 389
233 165 147 165 367
345 29 97 42 420 234 442 454 357
189 431 12 222 162 206 307 144
36 36 297 262 459 292 247 202 459
315 357 363 418 418 231 370
396 366 16 43 125 241
234 431 189 0 29 147
128 262 8 349 182 355 349 203
492 320 86 86 344
350 146 17 248 17
423 113 300 315 292 304
194 498 257 165 127
269 262 431
421 474 190 303 116 435 234
435 206 335 12 389 308 485 190 307 353 456 122
86 86 315 399
50 400 490 86 300 56 434 6
179 180 194 87 146 260 134 257
286 232 62 498 146 198
331 206 307 389 190
459 459 36 85 386 233 165
144 60 231 189 345 102 10 460
165 295 66 165 85
468 190 380 42 389 324 143 420 116 378 42
59 189 485 485
47 254 229 321 447 127
165 2 180 180 23 97 38 290 480
495 167 24 86 86
158 350 232 485 23 220 35 430 382
214 164 34 145 424 241
86 300 50 162 300 353 315 225
247 251 35 485 247 382 23 350 479 485
140 180 498 17 40 485 17
349 268 334 66 332
417 363 206 421 190 308 190 326
208 433 386 66
234 108 456 442 424
59 59 171 370
171 326 333 357 381 0
36 295 349 386 127 165 337 449 262 431 364
357 345 177 108 303 357 0 109 190 295 273 345
234 12 273 389
484 399 208 5 36 245 36 34 109
326 485 147 285 206 206
8 233 85 66 364 386 165
417 135 313 189
459 377
231 417 389 222 234 64 234 273 13
