58.5654745534 4 -1 1 0
320.043998029 3 -1 2 0
532.139412398 2 -1 0 0
532.257422416 3 2 3 1
532.41567837 2 -1 0 0
532.460852964 3 4 3 1
532.917715974 3 2 2 1
588.384738143 3 -1 2 0
589.86225634 4 7 1 1
590.350505124 0 8 2 2
590.699511204 1 9 1 3
590.84187575 1 9 1 3
590.970540871 1 9 1 3
591.022761766 2 11 2 4
591.328743218 0 8 2 2
603.654110256 1 -1 0 0
665.512323896 2 -1 0 0
761.521670938 4 -1 1 0
1156.85068328 1 -1 0 0
1317.53323402 2 -1 0 0
1320.06083218 4 -1 1 0
1336.87334944 2 -1 0 0
1342.64728107 3 -1 2 0
1369.43014186 2 -1 0 0
1369.88920228 3 23 3 1
1370.94315719 3 23 3 1
1376.8441846 1 -1 0 0
1451.95433666 3 -1 2 0
1452.17413822 4 27 1 1
1452.92612149 0 28 2 2
1452.97159867 1 29 1 3
1535.00119003 2 -1 0 0
1661.19569937 0 -1 3 0
1733.57284992 1 -1 0 0
1736.23001725 2 33 3 1
1739.0146032 3 34 0 2
1841.97050419 0 -1 3 0
1869.94691208 3 -1 2 0
2097.32751088 2 -1 0 0
2245.51590793 2 -1 0 0
2246.23464674 3 39 2 1
2283.65242999 2 -1 0 0
2283.71013048 4 41 3 1
2283.87822105 3 41 3 1
2284.83274791 4 43 0 2
2285.64111858 3 41 3 1
2287.51973745 3 41 3 1
2344.63096273 3 -1 2 0
2356.30084956 1 -1 0 0
2435.05147429 3 -1 2 0
2551.28804251 1 -1 0 0
2551.4374214 2 50 3 1
2551.66160186 3 51 0 2
2551.71735699 2 50 2 1
2552.34974156 3 51 0 2
2552.42463915 4 54 3 3
2553.38998807 0 55 0 4
2553.67092956 1 56 2 5
2553.76909141 4 54 2 3
2553.8302782 3 51 0 2
2555.6864971 2 57 1 6
2702.55693965 0 -1 3 0
2703.26119877 1 61 0 1
2703.28516633 2 62 3 2
2703.29464238 2 62 3 2
2703.78017983 3 63 0 3
2704.66558556 1 61 0 1
2705.92759405 3 64 0 3
2732.11372418 3 -1 2 0
2733.31157428 4 68 1 1
2733.94668846 4 68 1 1
2771.02184511 1 -1 0 0
2866.67994659 4 -1 1 0
2867.72021937 0 72 2 1
2868.40511957 1 73 1 2
2869.37695637 2 74 2 3
2981.62105749 1 -1 0 0
2982.28173721 2 76 3 1
3004.03033104 3 -1 2 0
3025.74756109 0 -1 3 0
3026.102737 1 79 0 1
3056.20509652 0 -1 3 0
3192.95595631 2 -1 0 0
3261.15063512 2 -1 0 0
3261.30926886 3 83 2 1
3261.63976032 4 84 1 2
3395.52896814 3 -1 2 0
3396.01784207 4 86 1 1
3396.72296461 4 -1 1 0
3663.43713011 2 -1 0 0
3664.05981266 3 89 2 1
3970.988032 2 -1 0 0
4037.15765734 0 -1 3 0
4037.56139582 1 92 0 1
4041.66806004 2 93 3 2
4101.87238626 1 -1 0 0
4177.43174346 4 -1 1 0
4178.19569983 1 -1 0 0
4178.98714241 0 96 2 1
4179.06832058 2 97 3 1
4179.5848829 3 99 0 2
4180.52385478 4 100 3 3
4184.71812429 1 98 1 2
4317.4526982 2 -1 0 0
4317.70720358 3 103 2 1
4323.78508093 1 -1 0 0
4355.88402242 4 -1 1 0
4357.2536667 0 106 2 1
4463.50888152 3 -1 2 0
4464.01954602 4 108 1 1
4594.70338888 3 -1 2 0
4688.24739336 1 -1 0 0
4688.28168601 2 111 3 1
4830.76251371 0 -1 3 0
4852.76903648 0 -1 3 0
5057.65207001 4 -1 1 0
5126.18430066 1 -1 0 0
5126.99309136 2 116 2 1
5191.52774978 4 -1 1 0
5192.52085697 0 118 2 1
5192.57604317 1 119 1 2
5193.30078094 2 120 2 3
5193.71090347 2 120 2 3
5208.04659885 2 -1 0 0
5208.41821559 3 123 3 1
5210.36522052 3 123 2 1
5213.36196062 4 125 1 2
5350.75928984 3 -1 2 0
5351.8651191 4 127 1 1
5352.33750462 0 128 2 2
5360.00112526 1 -1 0 0
5361.62049223 2 130 2 1
5367.75433949 1 -1 0 0
5482.69720169 1 -1 0 0
5555.15271916 0 -1 3 0
5644.30117445 0 -1 3 0
5673.04478659 1 -1 0 0
5868.12879717 0 -1 3 0
5893.73937824 3 -1 2 0
5894.00561368 4 138 1 1
5894.17731292 0 139 2 2
6074.4178625 1 -1 0 0
6235.36497914 4 -1 1 0
6305.36125912 4 -1 1 0
6345.69805592 4 -1 1 0
6345.77290934 0 144 2 1
6346.00821246 1 145 1 2
6346.05783377 0 144 2 1
6346.06320251 0 144 2 1
6348.09921458 0 144 2 1
6472.3274795 3 -1 2 0
6495.6701583 0 -1 3 0
6496.52423348 1 151 0 1
6496.82715943 2 152 3 2
6498.09164693 1 151 0 1
6498.43769568 2 154 3 2
6498.85384749 3 153 0 3
6498.91008956 4 156 2 4
6498.95114254 3 155 0 3
6499.42800621 0 158 2 4
6501.04081694 1 159 1 5
6501.49561323 2 160 2 6
6501.86662361 3 161 1 7
6587.19765768 3 -1 2 0
6588.98840115 3 -1 2 0
6628.63813421 3 -1 2 0
6716.89216441 1 -1 0 0
6717.59993692 2 166 2 1
6949.30724644 0 -1 3 0
7020.93372344 4 -1 1 0
7021.49599687 0 169 2 1
7022.38995415 1 170 1 2
7136.22077848 4 -1 1 0
7136.24849527 0 172 2 1
7137.12286797 1 173 1 2
7137.19051198 1 -1 0 0
7138.32318903 2 174 2 3
7139.21950593 2 175 2 1
7176.61359118 2 -1 0 0
7179.35327759 3 178 3 1
7224.67702691 0 -1 3 0
7233.54516285 2 -1 0 0
7267.33216239 1 -1 0 0
7268.05842135 2 182 3 1
7408.77902331 0 -1 3 0
7472.02620915 1 -1 0 0
7542.750213 0 -1 3 0
7629.65385991 2 -1 0 0
7630.00546016 1 -1 0 0
7630.55137122 3 187 2 1
7887.02157295 1 -1 0 0
7997.01702834 3 -1 2 0
7997.2139051 4 191 1 1
7998.5675763 4 191 1 1
8144.7363424 2 -1 0 0
8335.40253754 0 -1 3 0
8361.27634115 1 -1 0 0
8399.96050277 3 -1 2 0
8513.02739427 3 -1 2 0
8513.91967909 4 198 1 1
8514.80439143 4 198 1 1
8776.67578192 3 -1 2 0
8777.98121757 4 201 1 1
8778.10154496 0 202 2 2
8818.24097921 3 -1 2 0
8820.15933333 4 204 1 1
9077.85891154 1 -1 0 0
9090.26008084 0 -1 3 0
9213.61220431 1 -1 0 0
9474.65652522 1 -1 0 0
9480.93949465 4 -1 1 0
9481.47757089 0 210 2 1
9482.63996787 0 210 2 1
9482.77208847 1 212 1 2
9484.84960751 2 213 2 3
9485.70508966 2 213 2 3
9685.38913349 2 -1 0 0
9756.65120483 4 -1 1 0
9797.30451098 0 -1 3 0
9798.17789706 1 218 0 1
9998.39676474 2 -1 0 0
10002.9824009 1 -1 0 0
10031.357915 3 -1 2 0
10105.8310484 2 -1 0 0
10327.3533196 4 -1 1 0
10391.2799861 3 -1 2 0
10391.8396567 4 225 1 1
10392.5042148 4 225 1 1
10394.2189171 0 226 2 2
10495.0883586 2 -1 0 0
10496.8747512 3 -1 2 0
10496.9789077 4 230 1 1
10497.1310328 0 231 2 2
10497.347471 3 229 2 1
10497.3809722 1 232 1 3
10497.6623124 4 230 1 1
10497.7780182 4 230 1 1
10497.916934 0 231 2 2
10497.9361394 0 231 2 2
10499.0753689 0 236 2 2
10499.1409375 4 230 1 1
10499.4298788 1 237 1 3
10500.2562959 1 239 1 3
10602.5543677 3 -1 2 0
10602.646203 4 243 1 1
10602.6477021 0 244 2 2
10602.7815772 1 245 1 3
10603.1240835 4 243 1 1
10604.1362915 0 247 2 2
10604.1640728 2 248 1 3
10604.2663053 3 249 2 4
10612.8665705 0 -1 3 0
10613.370004 1 251 0 1
10723.697415 4 -1 1 0
10723.9140333 0 253 2 1
10724.0570286 0 253 2 1
10899.9157763 3 -1 2 0
10941.8937486 3 -1 2 0
11120.8990307 3 -1 2 0
11121.6399669 4 258 1 1
11122.460997 0 259 2 2
11125.3843444 1 260 1 3
11301.2803689 3 -1 2 0
11389.216666 3 -1 2 0
11481.1266921 0 -1 3 0
11481.1343684 1 264 0 1
11482.0518979 1 264 0 1
11766.4763531 2 -1 0 0
11767.3304314 3 267 3 1
11768.7076943 3 267 3 1
11839.5575598 1 -1 0 0
12487.1208309 1 -1 0 0
12487.4624991 2 271 2 1
12487.8444359 2 271 2 1
12489.0711824 3 272 1 2
12490.6296623 4 274 2 3
12584.5544569 0 -1 3 0
12585.2453037 1 276 0 1
12734.402896 3 -1 2 0
12765.4768818 2 -1 0 0
12765.510608 4 279 3 1
12766.1752595 3 279 2 1
12767.1743201 0 280 0 2
12802.8625482 4 -1 1 0
12803.0277636 0 283 2 1
12803.7089733 0 283 2 1
13082.9932249 1 -1 0 0
13174.9999722 3 -1 2 0
13222.3220965 2 -1 0 0
13223.1226471 3 288 3 1
13223.3731299 4 289 0 2
13224.8710247 0 290 3 3
13225.0643933 1 291 0 4
13251.1227891 3 -1 2 0
13251.1983063 4 293 1 1
13252.3423057 4 293 1 1
13252.5096224 4 293 1 1
13252.8095559 0 295 2 2
13253.3548845 4 293 1 1
13253.548963 0 295 2 2
13253.8394194 1 297 1 3
13254.9446702 0 298 2 2
13483.8999838 1 -1 0 0
13484.5123784 2 302 2 1
13485.8608745 3 303 1 2
13486.1309032 4 304 2 3
13487.0765268 0 305 1 4
13487.1590844 1 306 2 5
13487.2010044 0 305 1 4
13487.6840473 1 308 2 5
13487.7188222 0 305 1 4
13490.111566 1 310 2 5
13491.8180655 2 311 1 6
13579.2017709 2 -1 0 0
13579.6886693 3 313 2 1
13757.035076 0 -1 3 0
13831.7818723 4 -1 1 0
13832.3967798 0 316 2 1
13833.4733129 1 317 1 2
13886.1578316 0 -1 3 0
13886.3462078 1 319 0 1
13886.6871331 2 320 3 2
13886.6941373 3 321 0 3
13888.3804371 3 321 0 3
13892.8254555 0 323 2 4
13993.2439315 0 -1 3 0
13993.2492434 1 325 0 1
13993.6950618 2 326 2 2
14016.5567173 2 -1 0 0
14132.2255175 3 -1 2 0
14133.3239893 4 329 1 1
14312.1159976 3 -1 2 0
14312.9048633 4 331 1 1
14551.3131714 0 -1 3 0
14569.9752029 0 -1 3 0
14810.3724638 4 -1 1 0
14810.5330789 0 335 2 1
14810.7170869 2 336 1 2
14816.7734005 2 -1 0 0
14869.8660744 2 -1 0 0
14940.2992353 1 -1 0 0
14942.076879 2 340 3 1
14953.7750037 1 -1 0 0
14954.5730556 2 342 3 1
14955.7887887 3 343 0 2
14955.9295044 4 344 3 3
14955.9737895 0 345 0 4
14958.3998748 4 -1 1 0
14958.4286722 0 347 2 1
15000.4013347 3 -1 2 0
15000.5027358 4 349 1 1
15000.6915349 0 350 2 2
15008.1328833 1 -1 0 0
15172.1528231 1 -1 0 0
15174.3349041 2 353 3 1
15174.4457708 3 354 0 2
15175.3178456 3 354 0 2
15176.0027127 4 355 3 3
15177.6771807 0 357 0 4
15178.3894567 1 358 3 5
15206.0560219 0 -1 3 0
15206.1182699 1 360 0 1
15294.3922177 2 -1 0 0
15294.4253305 3 362 2 1
15294.48746 4 363 1 2
15294.7395224 4 362 3 1
15296.5662234 0 364 2 3
15296.9806209 0 364 2 3
15297.0338249 1 367 1 4
15297.2979483 2 367 1 4
15298.3026802 3 369 2 5
15299.2656158 4 370 1 6
15402.2956863 1 -1 0 0
15601.0266617 4 -1 1 0
15625.4299253 0 -1 3 0
15625.5905708 1 374 0 1
15626.4478524 2 375 2 2
15626.5110561 3 376 1 3
15626.552837 3 376 1 3
15626.5757925 4 378 2 4
15626.6342106 0 379 1 5
15627.008778 3 376 1 3
15627.4436747 3 376 1 3
15661.6457991 0 -1 3 0
15661.7958243 1 383 0 1
15662.0729414 2 384 3 2
15708.9163816 2 -1 0 0
15818.4231134 0 -1 3 0
15955.8031656 2 -1 0 0
15957.551441 3 388 3 1
15958.1915067 4 389 0 2
15958.227891 4 389 0 2
15958.670656 0 391 3 3
15958.8414767 3 388 3 1
15961.2993977 4 393 0 2
16118.7621534 4 -1 1 0
16122.0075529 0 395 2 1
16157.2911807 3 -1 2 0
16224.4454228 4 -1 1 0
16437.2831284 2 -1 0 0
16505.9863378 2 -1 0 0
16517.9102317 0 -1 3 0
16519.0439655 1 401 0 1
16530.769667 0 -1 3 0
16531.4647625 1 403 0 1
16535.0729767 2 404 3 2
16538.1727597 3 405 0 3
16538.6739157 4 406 3 4
16539.6746256 0 407 0 5
16611.7826711 1 -1 0 0
16685.7113297 0 -1 3 0
16686.1277088 1 410 0 1
16686.5125482 2 411 3 2
16687.7729894 1 410 0 1
16688.5626844 3 412 0 3
16728.7086208 1 -1 0 0
16784.4153123 0 -1 3 0
17011.8758915 2 -1 0 0
17103.8704945 0 -1 3 0
17169.3084456 0 -1 3 0
17267.1660004 2 -1 0 0
17267.1815115 3 420 3 1
17269.0463047 4 421 0 2
17270.1412257 4 -1 1 0
17270.706589 3 420 2 1
17270.7305761 4 424 1 2
17270.7619899 0 425 2 3
17271.1512117 1 426 1 4
17271.2614403 0 425 2 3
17271.8850891 2 427 2 5
17271.9108209 3 429 1 6
17272.3301684 2 427 2 5
17326.1370309 4 -1 1 0
17326.2000734 0 432 2 1
17326.9323173 1 433 1 2
17396.1287846 1 -1 0 0
17653.9926025 1 -1 0 0
17694.8980651 3 -1 2 0
17816.0530311 2 -1 0 0
17827.055448 0 -1 3 0
17827.2571796 1 439 0 1
17828.3319776 1 439 0 1
17828.8313774 2 441 3 2
17831.2043655 3 442 0 3
17951.584726 3 -1 2 0
17952.5112107 4 444 1 1
18023.4729687 1 -1 0 0
18257.1638155 2 -1 0 0
18489.6901103 3 -1 2 0
18537.1610399 1 -1 0 0
18672.8520329 2 -1 0 0
18684.8744303 1 -1 0 0
18685.1027943 2 451 2 1
18685.431784 3 452 1 2
18686.6743357 3 452 1 2
18688.2180582 4 454 2 3
18743.1392792 2 -1 0 0
18764.9286872 3 -1 2 0
18765.2163878 4 457 1 1
18765.3034999 0 458 2 2
18765.6798526 0 458 2 2
18766.086807 1 459 1 3
18766.8533141 2 461 2 4
18970.5809811 4 -1 1 0
19037.3973128 2 -1 0 0
19078.0397 1 -1 0 0
19078.6428714 2 465 2 1
19079.4870048 2 465 3 1
19080.5880998 3 467 0 2
19208.333177 3 -1 2 0
19222.885906 1 -1 0 0
19310.5412026 2 -1 0 0
19310.8437351 3 471 3 1
19352.4897332 4 -1 1 0
19352.6038945 0 473 2 1
19513.458663 2 -1 0 0
19513.6779202 3 475 3 1
19513.825963 4 476 0 2
19514.3350379 3 475 3 1
19514.3974877 0 477 3 3
19514.4988654 4 478 0 2
19514.6446738 1 479 0 4
19514.7049493 1 479 0 4
19514.8112842 2 482 3 5
19514.9220622 4 478 0 2
19515.0309536 3 483 0 6
19515.5386434 3 483 0 6
19515.7740893 4 478 0 2
19515.8204933 4 486 2 7
19516.6236021 0 487 3 3
19517.1918907 4 485 3 7
19519.0204964 0 490 0 8
19650.6289022 0 -1 3 0
19717.1283013 3 -1 2 0
19717.3769088 4 493 1 1
19872.193959 3 -1 2 0
20122.7187071 3 -1 2 0
20123.2112954 4 496 1 1
20135.039474 2 -1 0 0
20141.2183476 3 498 3 1
20200.9885007 3 -1 2 0
20201.6354804 4 500 1 1
20332.5882984 4 -1 1 0
20332.6422733 0 502 2 1
20332.9503525 1 503 1 2
20332.9592137 2 504 2 3
20333.21732 0 502 2 1
20333.2900844 1 506 1 2
20333.4625586 0 502 2 1
20333.4653568 1 506 1 2
20334.2676531 2 507 2 3
20334.3744978 1 508 1 2
20334.6851969 1 508 1 2
20335.4316829 2 512 2 3
20335.8461161 2 507 2 3
20336.0066946 3 514 1 4
20336.0095616 4 515 2 5
20336.9461153 3 514 1 4
20359.1638553 0 -1 3 0
20513.2637612 2 -1 0 0
20514.2063803 3 519 2 1
20516.0998936 4 520 1 2
20700.9472347 4 -1 1 0
20725.7876907 0 -1 3 0
20726.2778662 1 523 0 1
20736.1309491 4 -1 1 0
20884.195819 2 -1 0 0
20887.1858576 3 526 3 1
20887.5760189 3 526 3 1
20887.9644485 4 527 0 2
21148.4688128 4 -1 1 0
21149.4386972 0 530 2 1
21150.5264267 1 531 1 2
21151.1388856 2 532 2 3
21151.3281857 3 533 1 4
21152.1923983 2 532 2 3
21152.1984577 3 535 1 4
21153.9204029 1 -1 0 0
21154.8625895 2 537 3 1
21242.7001339 1 -1 0 0
21278.1262155 4 -1 1 0
21279.0839595 0 540 2 1
21409.2069473 3 -1 2 0
21409.9254803 4 542 1 1
21410.9432049 4 542 1 1
21452.7992289 2 -1 0 0
21454.9405488 3 545 2 1
21493.2658854 2 -1 0 0
21627.6353718 2 -1 0 0
21629.0330642 3 548 2 1
21646.3150387 0 -1 3 0
21780.5634635 2 -1 0 0
21857.7357673 4 -1 1 0
21870.7106861 2 -1 0 0
21874.054403 3 553 3 1
21874.0867089 4 554 0 2
21874.1818475 0 555 3 3
21875.0792699 0 -1 3 0
21895.7376043 2 -1 0 0
22175.1129423 1 -1 0 0
22175.3258484 2 559 3 1
22176.9273217 3 560 0 2
22352.99273 3 -1 2 0
22559.425615 0 -1 3 0
23083.6540221 0 -1 3 0
23084.2440593 1 564 0 1
23084.268196 3 565 3 2
23135.4830243 2 -1 0 0
23135.7741908 3 567 2 1
23231.6581422 1 -1 0 0
23231.7608473 2 569 3 1
23257.0001204 0 -1 3 0
23501.697024 2 -1 0 0
23598.8666586 3 -1 2 0
23662.0826198 0 -1 3 0
23663.7520725 1 574 0 1
23701.1628354 0 -1 3 0
23701.2211535 1 576 0 1
23863.3516991 3 -1 2 0
23863.3779464 4 578 1 1
23909.5382878 2 -1 0 0
23925.9127702 2 -1 0 0
23928.3223337 3 581 3 1
24038.9555844 4 -1 1 0
24051.7056146 1 -1 0 0
24051.8373108 2 584 2 1
24141.0543597 3 -1 2 0
24241.5459615 0 -1 3 0
24362.4480668 2 -1 0 0
24362.6748764 3 588 3 1
24362.8206214 4 589 0 2
24362.9707983 0 590 2 3
24363.0835623 4 589 0 2
24363.4134614 3 588 3 1
24364.104389 4 593 0 2
24364.7164255 4 593 0 2
24364.767599 0 594 2 3
24365.4689602 1 596 1 4
24366.7539204 1 -1 0 0
24442.3342073 3 -1 2 0
24444.2579304 4 599 1 1
24554.3079564 1 -1 0 0
24554.6578602 2 601 3 1
24555.1294786 3 602 0 2
24555.2624345 4 603 3 3
24555.5330184 0 604 0 4
24556.0982893 1 605 3 5
24557.6174866 2 606 0 6
24557.6371792 2 606 0 6
24576.4606296 3 -1 2 0
24576.562 4 609 1 1
24576.8851769 4 609 1 1
24576.9073447 0 611 2 2
24637.9146962 4 -1 1 0
24640.3812265 2 -1 0 0
24664.5208211 1 -1 0 0
24789.7859688 2 -1 0 0
24790.9542046 3 616 3 1
24792.579643 4 617 0 2
24852.0314403 1 -1 0 0
24968.7286753 3 -1 2 0
25056.5132559 2 -1 0 0
25284.5386548 1 -1 0 0
25285.9551695 2 622 3 1
25407.1685927 2 -1 0 0
25407.6573076 3 624 2 1
25407.6843277 4 625 1 2
25750.4698805 0 -1 3 0
26023.5064134 3 -1 2 0
26023.9097387 4 628 1 1
26031.1569493 4 -1 1 0
26031.2076114 0 630 2 1
26032.2088336 0 630 2 1
26050.3318316 2 -1 0 0
26053.2411983 3 633 3 1
26056.602869 4 634 0 2
26091.2247359 0 -1 3 0
26110.5759985 0 -1 3 0
26230.5193607 2 -1 0 0
26230.543994 3 638 3 1
26231.0011989 4 639 0 2
26231.8041111 1 -1 0 0
26232.5368483 2 641 3 1
26233.5342223 3 642 0 2
26234.5757872 4 643 3 3
26236.4984005 0 644 0 4
26312.4508708 1 -1 0 0
26313.4651748 2 646 3 1
26442.937707 3 -1 2 0
26443.1456188 4 648 1 1
26444.1018339 4 648 1 1
26612.2233491 2 -1 0 0
26612.2328882 3 651 3 1
26612.9086081 4 652 0 2
26614.6376835 4 652 0 2
26796.2106233 0 -1 3 0
26880.325703 1 -1 0 0
26903.8763359 2 -1 0 0
26904.2277485 3 657 2 1
26904.3449181 3 657 3 1
26904.8111642 4 658 1 2
26961.9333752 4 -1 1 0
27010.4192253 2 -1 0 0
27102.7736186 2 -1 0 0
27169.597945 3 -1 2 0
27391.1312653 1 -1 0 0
27391.5747481 2 665 3 1
27441.9636829 3 -1 2 0
27443.3364 4 667 1 1
27510.213664 0 -1 3 0
27643.3244526 1 -1 0 0
27644.0999869 2 670 2 1
27644.5637345 3 671 1 2
27663.1402745 0 -1 3 0
27818.9961232 3 -1 2 0
27924.9730145 2 -1 0 0
27994.051709 3 -1 2 0
27995.2598854 4 676 1 1
27995.305009 0 677 2 2
27995.4223646 1 678 1 3
27996.5558427 0 677 2 2
27997.0917099 1 680 1 3
28011.634624 1 -1 0 0
28012.5365835 2 682 3 1
28021.8203323 2 -1 0 0
28024.1488988 3 684 2 1
28024.9102694 4 685 1 2
28025.8208122 0 686 2 3
28056.8320663 3 -1 2 0
28135.5033687 1 -1 0 0
28138.1615493 2 689 3 1
28139.1149146 3 690 0 2
28139.2895047 4 691 2 3
28151.2916862 2 -1 0 0
28256.2067675 4 -1 1 0
28257.1367005 0 694 2 1
28257.9075104 1 694 2 1
28264.7876577 3 -1 2 0
28311.4804367 1 -1 0 0
28411.3733584 3 -1 2 0
28431.9312482 1 -1 0 0
28437.224278 2 -1 0 0
28462.8181707 1 -1 0 0
28463.020693 2 702 3 1
28463.2120967 3 703 0 2
28463.7278611 4 704 3 3
28464.4482028 4 704 3 3
28597.5224231 0 -1 3 0
28598.1478913 1 707 0 1
28599.2296988 1 707 0 1
28599.282451 2 708 2 2
28616.7721951 2 -1 0 0
28648.9658806 0 -1 3 0
28648.9800671 1 712 0 1
28650.2889576 1 712 0 1
28650.6176194 1 712 0 1
28653.5593643 2 714 2 2
28955.7916759 1 -1 0 0
29106.4825634 3 -1 2 0
29202.2689468 1 -1 0 0
29205.4196477 2 719 3 1
29255.8437625 2 -1 0 0
29380.9984092 4 -1 1 0
29381.1755087 0 722 2 1
29381.2754717 1 723 1 2
29386.383228 4 -1 1 0
29387.1330135 0 725 2 1
29395.3392843 2 -1 0 0
29415.3707798 4 -1 1 0
29418.4806541 0 728 2 1
29650.3358556 2 -1 0 0
29847.431529 3 -1 2 0
29848.9397148 3 -1 2 0
29849.2199545 4 732 1 1
29906.4390125 0 -1 3 0
29909.4571494 0 -1 3 0
30174.4929924 2 -1 0 0
30211.689529 3 -1 2 0
30211.7343203 4 737 1 1
30212.5269508 4 737 1 1
30414.0283205 0 -1 3 0
30414.3189005 1 740 0 1
30556.9647945 4 -1 1 0
30575.4196018 3 -1 2 0
30575.4837646 4 743 1 1
30575.5618126 0 744 2 2
30577.622011 0 744 2 2
30577.8305413 1 746 1 3
30579.2188009 1 745 1 3
30653.8669411 1 -1 0 0
30654.4935448 2 749 3 1
30655.0010399 3 750 0 2
30655.6912805 4 751 3 3
30663.7977359 2 -1 0 0
30800.3850545 2 -1 0 0
30927.5649349 0 -1 3 0
30971.9568198 0 -1 3 0
30972.3925706 1 756 0 1
30976.049193 2 757 2 2
30976.1125021 3 758 1 3
30976.4997953 4 759 2 4
30976.6494744 0 760 1 5
31086.4484302 0 -1 3 0
31088.5862811 1 762 0 1
31089.7442377 1 762 0 1
31090.5047112 2 763 3 2
31114.8640887 0 -1 3 0
31257.5848685 3 -1 2 0
31281.9629068 1 -1 0 0
31287.7189809 0 -1 3 0
31309.3543192 0 -1 3 0
31360.2109703 3 -1 2 0
31360.714873 4 771 1 1
31361.3894953 0 772 2 2
31453.4097746 0 -1 3 0
31454.5628222 1 774 0 1
31454.850831 2 775 3 2
31455.2654832 3 776 0 3
31473.7210405 1 -1 0 0
31512.1338286 1 -1 0 0
31513.0377026 2 779 2 1
31619.8828102 2 -1 0 0
31653.2460912 1 -1 0 0
31653.9361209 2 782 2 1
31654.1196405 3 783 1 2
31678.2050426 0 -1 3 0
31678.2428869 1 785 0 1
31679.4730148 1 -1 0 0
31737.7654397 1 -1 0 0
31738.8059579 2 788 2 1
31738.883783 3 789 1 2
32002.8912657 4 -1 1 0
32201.8678482 0 -1 3 0
32262.9326769 4 -1 1 0
32448.9923379 2 -1 0 0
32724.0688891 3 -1 2 0
32759.0812494 4 -1 1 0
32871.0914084 3 -1 2 0
32874.6517427 4 797 1 1
32961.8814741 3 -1 2 0
32966.0849183 1 -1 0 0
33109.0168536 2 -1 0 0
33110.2080409 3 801 2 1
33112.093501 4 802 1 2
33112.2828456 0 803 2 3
33117.9300953 3 -1 2 0
33118.0372294 0 -1 3 0
33121.6891378 4 805 1 1
33163.0725332 0 -1 3 0
33497.2723352 3 -1 2 0
33859.9503003 1 -1 0 0
33860.7784804 2 810 3 1
33862.3961705 3 811 0 2
33863.1101863 4 812 2 3
33864.0882697 0 813 1 4
33989.5435119 2 -1 0 0
33989.8381977 3 815 2 1
33990.4759281 3 815 3 1
33991.9899489 4 817 0 2
34013.8557412 1 -1 0 0
34183.4928786 3 -1 2 0
34185.9901215 4 820 1 1
34186.5037882 0 821 2 2
34187.2312537 1 822 1 3
34574.5927852 0 -1 3 0
34590.8492687 2 -1 0 0
34591.772577 3 825 3 1
34659.2924285 1 -1 0 0
34696.7365632 2 -1 0 0
34915.4239175 1 -1 0 0
35019.2297921 2 -1 0 0
35186.5501259 3 -1 2 0
35186.7092048 4 831 1 1
35187.0396647 4 831 1 1
35187.6855553 0 833 2 2
35188.1715684 0 833 2 2
35188.3095966 1 834 1 3
35188.3687478 2 836 2 4
35188.455839 1 834 1 3
35188.5807822 3 837 1 5
35188.8604734 4 839 2 6
35189.2210827 0 840 1 7
35189.4222699 3 837 1 5
35190.8779329 1 841 2 8
35191.2308698 2 843 1 9
35191.7460351 2 843 1 9
35191.8650371 3 844 2 10
35227.2735486 3 -1 2 0
35239.3388969 3 -1 2 0
35240.2275921 4 848 1 1
35240.7056129 4 848 1 1
35241.4229995 0 850 2 2
35241.9325136 0 849 2 2
35311.0123482 1 -1 0 0
35311.2319431 1 -1 0 0
35364.6116125 0 -1 3 0
35613.6580495 4 -1 1 0
35613.765118 0 856 2 1
35614.2436778 0 856 2 1
35615.471813 0 856 2 1
35616.0465167 1 859 1 2
35616.4470961 2 860 2 3
35712.1188483 1 -1 0 0
35712.9387918 2 862 2 1
35713.6128764 3 863 1 2
35713.6448562 4 864 2 3
35713.9735061 0 865 1 4
35714.9027731 1 866 2 5
35715.7401345 2 867 1 6
35838.1002092 4 -1 1 0
36005.2552584 0 -1 3 0
36005.4610213 0 -1 3 0
36006.2071351 1 871 0 1
36006.388882 2 872 2 2
36006.4587314 1 871 0 1
36006.7888287 2 872 2 2
36007.0201296 2 872 3 2
36007.3104132 3 876 0 3
36008.0766035 4 877 3 4
36008.1847223 4 877 2 4
36009.7500394 0 879 1 5
36199.2174031 4 -1 1 0
36199.6547773 0 881 2 1
36286.927083 3 -1 2 0
36416.4786934 0 -1 3 0
36464.2180276 3 -1 2 0
36471.8633973 3 -1 2 0
36591.2237119 0 -1 3 0
36591.3341278 1 887 0 1
36635.1851721 0 -1 3 0
36637.0410457 1 889 0 1
36638.0842787 2 890 3 2
36638.5139927 3 891 0 3
36638.7896866 4 892 3 4
36639.7499382 4 892 2 4
36642.3141932 0 894 1 5
37118.7769537 2 -1 0 0
37119.1413567 3 896 3 1
37223.7075629 1 -1 0 0
37225.2193333 2 898 3 1
37226.3125007 2 898 3 1
37227.4561455 3 900 0 2
37227.8658566 4 901 3 3
37228.7877851 4 901 3 3
37288.0396835 4 -1 1 0
37288.4442096 0 904 2 1
37288.9473878 0 904 2 1
37289.0816092 1 906 1 2
37290.8602013 1 906 1 2
37292.3855463 2 907 2 3
37305.4411857 1 -1 0 0
37321.6387572 1 -1 0 0
37383.8274962 0 -1 3 0
37383.8821453 1 912 0 1
37385.3288046 1 912 0 1
37386.4308683 2 914 3 2
37548.2063268 2 -1 0 0
37549.1183335 3 916 3 1
37550.2243059 3 916 2 1
37763.3042439 3 -1 2 0
37806.907045 0 -1 3 0
37807.8372253 1 920 0 1
37809.1824344 2 921 3 2
37843.097886 0 -1 3 0
37843.9398307 1 923 0 1
37902.4006852 4 -1 1 0
37902.6746835 0 925 2 1
37903.566508 1 926 1 2
37993.1699716 2 -1 0 0
38107.3475963 0 -1 3 0
38125.8805357 4 -1 1 0
38202.4521504 0 -1 3 0
38283.0418224 4 -1 1 0
38284.5673024 0 932 2 1
38285.0001226 1 933 1 2
38285.8269208 2 934 2 3
38286.1670633 3 935 1 4
38286.7466913 2 934 2 3
38287.2586505 1 933 1 2
38287.3812967 2 938 2 3
38289.5454535 2 938 2 3
38318.4294965 0 -1 3 0
38319.9886008 2 -1 0 0
38429.0089546 0 -1 3 0
38429.5872676 1 943 0 1
38776.2440145 2 -1 0 0
38834.4619792 3 -1 2 0
38944.3436093 0 -1 3 0
38999.6136956 0 -1 3 0
39000.7115236 1 948 0 1
39002.0996347 1 948 0 1
39079.5592199 1 -1 0 0
39207.0440639 0 -1 3 0
39207.1496469 1 952 0 1
39208.811991 1 952 0 1
39226.9679695 3 -1 2 0
39343.6113274 4 -1 1 0
39377.8444604 0 -1 3 0
39473.7327426 2 -1 0 0
39474.0459221 3 958 2 1
39494.6250944 0 -1 3 0
39494.8394589 4 -1 1 0
39496.5339495 0 961 2 1
39497.6013179 1 962 1 2
39499.8102152 1 962 1 2
39523.8353096 3 -1 2 0
39724.958187 2 -1 0 0
40138.5095442 2 -1 0 0
40138.6661713 3 967 3 1
40139.8838389 3 967 2 1
40172.5228682 1 -1 0 0
40172.9540208 2 970 3 1
40179.7967869 2 -1 0 0
40180.6584225 3 972 3 1
40238.4862374 1 -1 0 0
40252.9367904 4 -1 1 0
40402.2047563 4 -1 1 0
40437.5865729 4 -1 1 0
40437.7349138 0 977 2 1
40438.5172972 0 977 2 1
40438.7727987 1 979 1 2
40439.0449345 2 980 2 3
40439.2591976 1 978 1 2
40439.6519098 1 978 1 2
40439.7307721 1 979 1 2
40440.0122852 2 984 2 3
40440.0749339 3 985 1 4
40440.2462472 2 984 2 3
40441.1888957 3 987 1 4
40441.2395193 4 988 2 5
40441.8336518 4 987 1 4
40486.0350668 3 -1 2 0
40489.5976115 4 991 1 1
40490.0149626 0 992 2 2
40609.8755969 4 -1 1 0
40611.2023364 0 994 2 1
40708.687213 3 -1 2 0
40741.4275721 0 -1 3 0
40802.5968233 0 -1 3 0
40845.4742297 4 -1 1 0
40867.1198518 4 -1 1 0
40867.33574 0 1000 2 1
40896.6230534 0 -1 3 0
40990.5899903 0 -1 3 0
41067.9418502 0 -1 3 0
41386.643141 0 -1 3 0
41387.1864026 1 1005 0 1
41861.6334162 0 -1 3 0
41887.6252302 4 -1 1 0
41951.3058488 3 -1 2 0
41956.6078545 4 -1 1 0
41956.9552585 0 1010 2 1
42114.0166812 0 -1 3 0
42356.4058933 2 -1 0 0
42358.5162409 3 1013 3 1
42737.824104 4 -1 1 0
42738.29764 0 1015 2 1
42767.4202467 1 -1 0 0
42769.6086268 2 1017 3 1
42792.4119831 3 -1 2 0
43100.4087902 2 -1 0 0
43378.9213151 0 -1 3 0
43436.7378973 1 -1 0 0
43436.8024059 2 1022 3 1
43437.0280004 2 1022 2 1
43689.7850485 0 -1 3 0
43689.992759 1 1025 0 1
44001.9811857 4 -1 1 0
44192.5105889 1 -1 0 0
44249.4940599 1 -1 0 0
44280.9488353 4 -1 1 0
44285.578054 2 -1 0 0
44286.0080969 3 1031 3 1
44286.3415797 4 1032 0 2
44290.8333471 0 1033 3 3
44318.6738502 3 -1 2 0
44319.9202258 4 1035 1 1
44320.2923635 4 1035 1 1
44320.431516 0 1036 2 2
44500.2502959 0 -1 3 0
44500.8605265 1 1039 0 1
44859.9880201 1 -1 0 0
44860.6089777 2 1041 3 1
44862.7874233 3 1042 0 2
45079.3732394 4 -1 1 0
45081.0897419 0 1044 2 1
45081.3465836 1 1045 1 2
45081.8766015 2 1046 2 3
45081.9781701 1 1045 1 2
45181.4725283 2 -1 0 0
45279.1465732 4 -1 1 0
45279.3679794 1 1050 2 1
45412.0676065 1 -1 0 0
45414.1020049 2 1052 3 1
45425.8762081 4 -1 1 0
45437.8283436 2 -1 0 0
45452.1663268 4 -1 1 0
45458.350052 0 -1 3 0
45459.5949963 1 1057 0 1
45484.6933932 2 -1 0 0
45485.7818755 3 1059 2 1
45487.012725 4 1060 1 2
45499.6569589 3 -1 2 0
45545.8263122 1 -1 0 0
45545.9398826 2 1063 3 1
45568.0747195 3 -1 2 0
45687.8717782 0 -1 3 0
45689.0244416 1 1066 0 1
45689.516214 2 1067 3 2
45691.3761743 2 1067 3 2
46003.5847016 0 -1 3 0
46006.815197 1 1070 0 1
46082.4322724 4 -1 1 0
46124.3225501 0 -1 3 0
46124.80056 1 1073 0 1
46125.0770353 2 1074 3 2
46125.4381624 2 1074 2 2
46125.5248979 3 1075 0 3
46190.063886 2 -1 0 0
46191.2273453 3 1078 3 1
46191.246803 4 1079 0 2
46210.9229515 3 -1 2 0
46481.921927 0 -1 3 0
46535.070076 0 -1 3 0
46908.9065102 1 -1 0 0
47052.0708116 4 -1 1 0
47054.1864305 0 1085 2 1
47070.083121 3 -1 2 0
47074.2721229 4 1087 1 1
47215.0778015 2 -1 0 0
47216.3305157 4 1089 2 1
47467.611261 3 -1 2 0
47472.9847485 0 -1 3 0
47512.9955727 2 -1 0 0
47624.1695464 2 -1 0 0
47630.3838891 0 -1 3 0
47630.3979173 1 1095 0 1
47817.4109185 0 -1 3 0
47890.0003166 1 -1 0 0
47890.1022294 3 1098 3 1
47893.2537345 2 1098 3 1
47977.6069891 3 -1 2 0
47979.3730028 4 1101 1 1
47980.4613233 0 1102 2 2
48173.752057 3 -1 2 0
48410.9100651 2 -1 0 0
48554.6110943 0 -1 3 0
48554.7750877 1 1106 0 1
48555.1325076 1 1106 0 1
48555.2296217 2 1108 3 2
48555.3075984 2 1108 2 2
48555.4344279 1 1106 0 1
48555.59368 2 1107 2 2
48556.3654807 2 1111 2 2
48556.3792068 3 1109 0 3
48604.8642992 1 -1 0 0
48677.5100026 2 -1 0 0
48677.7371437 3 1116 2 1
48678.9484114 4 1117 1 2
48794.5654519 1 -1 0 0
48794.5966423 2 1119 2 1
48794.7161807 2 1119 2 1
48796.1939773 4 1120 1 2
48883.6794099 0 -1 3 0
49025.6935125 1 -1 0 0
49033.0179092 1 -1 0 0
49058.1301406 1 -1 0 0
49059.4190815 2 1126 3 1
49151.9031701 3 -1 2 0
49197.1630628 2 -1 0 0
49306.3983601 2 -1 0 0
49344.6441401 4 -1 1 0
49349.2060256 0 -1 3 0
49428.2017092 2 -1 0 0
49786.4736067 2 -1 0 0
49806.6133321 2 -1 0 0
49821.2324398 3 -1 2 0
49821.4943287 4 1136 1 1
49821.6017423 0 1137 2 2
49879.240821 2 -1 0 0
50123.6880064 3 -1 2 0
50188.3101676 1 -1 0 0
50285.0092503 2 -1 0 0
50286.7968051 3 1142 2 1
50286.816949 4 1143 1 2
50287.3660387 4 1143 1 2
50287.4232525 0 1144 2 3
50287.5923514 0 1144 2 3
50289.6185512 3 1142 2 1
50290.1010106 4 1148 1 2
50397.8403887 3 -1 2 0
50490.787267 3 -1 2 0
50615.2447427 1 -1 0 0
50711.6309748 0 -1 3 0
50752.8999177 1 -1 0 0
50753.5275998 2 1154 2 1
50758.5842738 1 -1 0 0
50758.6378786 2 1156 3 1
50759.2466085 2 1156 3 1
50759.582827 2 1156 3 1
50760.8839724 2 1156 2 1
50856.0227516 1 -1 0 0
50858.4078954 2 1161 2 1
50892.5690786 3 -1 2 0
50988.9149144 1 -1 0 0
50989.0713987 2 1164 3 1
51147.6072784 3 -1 2 0
51147.6796152 4 1166 1 1
51148.3475698 4 1166 1 1
51148.7312169 0 1167 2 2
51379.3581315 3 -1 2 0
51379.9489801 4 1170 1 1
51675.3664929 2 -1 0 0
51675.8496932 3 1172 3 1
51743.862235 2 -1 0 0
51813.7062361 3 -1 2 0
51865.0216557 3 -1 2 0
51865.6090266 4 1176 1 1
51866.2522792 0 1177 2 2
51908.9360778 4 -1 1 0
51909.0943414 0 1179 2 1
51967.9205204 2 -1 0 0
51968.5890517 3 1181 3 1
51978.0895453 4 -1 1 0
51978.7778465 0 1183 2 1
52187.1618792 0 -1 3 0
52187.1899717 1 1185 0 1
52187.28896 1 1185 0 1
52187.7442105 2 1186 3 2
52190.5554293 2 1186 2 2
52526.4501382 0 -1 3 0
52574.2050707 0 -1 3 0
52575.5319333 1 1191 0 1
52851.0907736 1 -1 0 0
52851.3319191 2 1193 3 1
52852.1561096 3 1194 0 2
52852.2227666 3 1194 0 2
52852.7829361 3 1194 0 2
53201.3799 1 -1 0 0
53215.8711949 1 -1 0 0
53486.1707948 0 -1 3 0
53486.3868911 1 1200 0 1
53487.905049 1 1200 0 1
53487.9157222 2 1202 3 2
53489.0887032 1 -1 0 0
53489.4869244 2 1204 2 1
53576.8661022 0 -1 3 0
53797.5617917 2 -1 0 0
53952.0901421 4 -1 1 0
53952.4344251 0 1208 2 1
53952.6446344 1 1209 1 2
53953.5815761 1 1209 1 2
54116.1849264 4 -1 1 0
54134.0399628 1 -1 0 0
54151.8986813 2 -1 0 0
54152.2410679 3 1214 2 1
54278.342665 0 -1 3 0
54279.7561547 1 1216 0 1
54279.9063775 2 1217 2 2
54426.8025962 4 -1 1 0
54429.9944293 0 1219 2 1
54468.0907165 3 -1 2 0
54468.2704927 0 1221 1 1
54468.3427925 1 1222 2 2
54468.5271862 2 1223 1 3
54468.8140459 4 1221 1 1
54469.6010727 4 1221 1 1
54469.6627129 0 1226 2 2
54470.8252166 4 -1 1 0
54686.6179338 2 -1 0 0
54704.8857352 2 -1 0 0
54921.3629813 1 -1 0 0
54924.0626103 2 1231 2 1
55093.1531258 2 -1 0 0
55094.3839504 3 -1 2 0
55095.570521 4 1234 1 1
55095.8033096 0 1235 2 2
55095.9302468 1 1236 1 3
55095.9372378 1 1236 1 3
55165.2500344 2 -1 0 0
55165.5470498 3 1239 3 1
55166.1756884 4 1240 0 2
55166.6603432 0 1241 3 3
55166.9516113 1 1242 0 4
55167.0631396 2 1243 3 5
55167.2912178 3 1244 0 6
55167.4033321 2 1243 3 5
55167.8906699 3 1246 0 6
55168.4761919 4 1247 3 7
55168.4876979 0 1248 0 8
55168.9174534 0 1248 0 8
55169.4488409 4 1247 2 7
55247.7637805 0 -1 3 0
55250.3107662 1 1252 0 1
55250.9472909 2 1253 3 2
55252.2478668 3 1254 0 3
55253.0850034 4 1255 3 4
55253.3031474 4 1255 3 4
55274.8845637 1 -1 0 0
55330.261706 0 -1 3 0
55387.3133849 0 -1 3 0
55419.4905607 4 -1 1 0
55425.786555 2 -1 0 0
55507.7977362 1 -1 0 0
55508.3384184 2 1263 3 1
55509.000008 2 1263 3 1
55547.7520982 0 -1 3 0
55549.258807 1 1266 0 1
55732.4919297 0 -1 3 0
55777.2485454 4 -1 1 0
55777.4248329 0 1269 2 1
55777.433815 0 1269 2 1
55904.9592025 2 -1 0 0
55905.3843642 3 1272 3 1
55905.5116136 4 1273 0 2
55906.55244 4 1273 0 2
55906.6024851 4 1273 0 2
55906.7596336 3 1272 3 1
55906.8850544 0 1276 3 3
55906.9898588 2 1278 0 4
55907.320603 3 1279 3 5
55908.3517586 4 1280 0 6
55908.7836739 1 1278 0 4
55910.4694634 1 -1 0 0
55981.3496246 3 -1 2 0
55981.5754022 4 1284 1 1
56013.7464456 3 -1 2 0
56049.0340415 3 -1 2 0
56250.9633765 3 -1 2 0
56251.5928396 0 1288 1 1
56251.6665886 4 1288 1 1
56252.0281824 4 1288 1 1
56252.3509748 0 1290 2 2
56252.4220355 0 1290 2 2
56253.8139953 1 1292 1 3
56254.1344307 2 1294 2 4
56348.8850527 4 -1 1 0
56348.9245942 0 1296 2 1
56350.9020563 1 1297 1 2
56351.1941209 2 1298 2 3
56351.3539077 3 1299 1 4
56351.4213294 4 1300 2 5
56353.796197 4 1300 2 5
56432.421914 1 -1 0 0
56489.5888307 3 -1 2 0
56515.4363676 3 -1 2 0
56536.7775343 3 -1 2 0
56536.9144369 4 1306 1 1
56540.7055631 0 1307 2 2
56542.8367166 1 1308 1 3
56543.4274393 2 1309 2 4
56544.0834758 3 1310 1 5
56544.4392247 4 1311 2 6
56545.092089 1 1308 1 3
56545.1425178 2 1313 2 4
56545.263982 4 1311 2 6
56546.9438793 0 1315 1 7
56547.8175626 1 1316 2 8
56547.9199076 0 1315 1 7
56551.0675362 1 1318 2 8
56595.3498471 3 -1 2 0
56595.4982635 4 1320 1 1
56614.857959 1 -1 0 0
56614.8922766 2 1322 3 1
56615.7362613 3 1323 0 2
56616.370568 2 1322 3 1
56619.1638496 3 1325 0 2
56620.0713541 4 1326 3 3
56621.1832322 4 1326 3 3
56621.5438985 4 1326 3 3
56621.6767236 0 1329 0 4
56622.2539385 1 1330 3 5
56622.2816984 0 1327 0 4
56622.4868824 2 1331 0 6
56622.921469 3 1333 3 7
56761.5192529 3 -1 2 0
56765.3632811 4 1335 1 1
57043.1425616 3 -1 2 0
57045.579637 4 1337 1 1
57208.2864134 0 -1 3 0
57244.9472641 4 -1 1 0
57371.6909735 3 -1 2 0
57550.1963254 2 -1 0 0
57551.058294 3 1342 3 1
57711.469352 4 -1 1 0
57711.5384232 0 1344 2 1
57711.542551 0 1344 2 1
57711.5832149 1 1346 1 2
57712.4560058 1 1346 1 2
57895.7898933 0 -1 3 0
58008.5774416 1 -1 0 0
58008.6945828 2 1350 3 1
58009.2044403 3 1351 0 2
58010.7810055 4 1352 2 3
58011.3215794 2 1350 2 1
58011.4927415 3 1354 1 2
58011.6576692 4 1352 2 3
58012.4157733 4 1355 2 3
58012.4757342 4 1355 2 3
58012.7252266 0 1357 1 4
58013.6259673 2 1350 3 1
58014.5288726 3 1360 0 2
58015.5321971 1 1359 2 5
58016.3597427 2 1362 1 6
58016.6998453 3 1363 2 7
58018.2067022 4 1364 1 8
58019.8155589 0 1365 2 9
58020.0278645 1 1366 1 10
58021.4363389 2 1367 2 11
58021.9965987 3 1368 1 12
58023.6711841 2 1367 2 11
58024.1362406 3 1370 1 12
58076.2701944 3 -1 2 0
58159.9449687 1 -1 0 0
58272.4407441 1 -1 0 0
58272.5704498 2 1374 2 1
58273.2581666 3 1375 1 2
58398.1528635 1 -1 0 0
58645.9082934 2 -1 0 0
58646.2183203 3 1378 2 1
58646.2390029 4 1379 1 2
58646.3064094 0 1380 2 3
58646.3937731 3 1378 3 1
58646.7260616 0 1380 2 3
58646.7495614 3 1378 3 1
58647.4154982 4 1382 0 2
58647.7970988 1 1381 1 4
58650.0416437 2 1386 2 5
58650.1094823 4 1387 1 6
58777.8363994 2 -1 0 0
58778.899803 3 1389 2 1
58779.0556395 3 1389 2 1
58920.479467 4 -1 1 0
58920.6894559 0 1392 2 1
58926.8934628 4 -1 1 0
59155.6274703 0 -1 3 0
59155.6775554 1 1395 0 1
59157.0834514 2 1396 3 2
59157.6608759 2 1396 2 2
59182.7606479 0 -1 3 0
59187.6804575 4 -1 1 0
59188.4102454 0 1400 2 1
59189.0397815 1 1401 1 2
59191.1987996 1 1401 1 2
59192.4642671 2 1403 2 3
59192.6766686 2 1403 2 3
59364.7902875 4 -1 1 0
59369.3575298 0 1406 2 1
59764.3240939 3 -1 2 0
59839.0531196 1 -1 0 0
59840.9051813 2 1409 3 1
59885.9805255 4 -1 1 0
59886.1469316 0 1411 2 1
59998.6718928 1 -1 0 0
60000.1017971 2 1413 2 1
60001.6127936 2 1413 2 1
60161.3422623 3 -1 2 0
60221.7463589 0 -1 3 0
60232.5970897 3 -1 2 0
60247.2919167 3 -1 2 0
60248.6729783 4 1419 1 1
60248.8429102 0 1420 2 2
60249.1363912 1 1421 1 3
60249.2840037 4 1419 1 1
60249.9218255 2 1422 2 4
60250.007498 0 1420 2 2
60250.5097839 0 1423 2 2
60250.5495592 3 1424 1 5
60348.694234 1 -1 0 0
60759.2120756 4 -1 1 0
60919.9230289 0 -1 3 0
60920.122419 1 1430 0 1
60974.966361 2 -1 0 0
60975.1854435 3 1432 3 1
60975.6152253 3 1432 3 1
61025.9305866 3 -1 2 0
61026.3987053 4 1435 1 1
61026.4549939 0 1436 2 2
61027.4374821 0 1436 2 2
61027.5305804 0 1436 2 2
61028.0003724 1 1439 1 3
61028.2597474 1 1438 1 3
61028.2704286 1 1439 1 3
61028.6088252 2 1440 2 4
61029.4379197 3 1443 1 5
61029.4912573 4 1444 2 6
61029.7422571 2 1441 2 4
61029.9150011 3 1446 1 5
61030.1176519 4 1447 2 6
61030.3143318 2 1441 2 4
61031.6402853 3 1446 1 5
61031.8450289 4 1450 2 6
61032.5529626 0 1445 1 7
61032.6290793 4 1450 2 6
61033.28166 0 1448 1 7
61033.7103922 4 1450 2 6
61033.8545448 1 1452 2 8
61034.0598586 0 1451 1 7
61034.8256191 2 1456 1 9
61035.7696276 1 1457 2 8
61036.6502437 1 1451 1 7
61037.030282 2 1460 2 8
61038.4175277 3 1461 1 9
61038.8242904 4 1462 2 10
61038.8974385 2 1460 2 8
61096.4728571 2 -1 0 0
61096.6423947 3 1465 3 1
61097.1558905 4 1466 0 2
61099.3912895 1 1467 3 3
61100.5326729 2 1468 0 4
61101.3883234 2 1468 0 4
61102.0769781 0 1467 3 3
61125.5085053 1 -1 0 0
61125.5600835 2 1472 3 1
61125.851675 3 1473 0 2
61126.0523694 2 1472 3 1
61126.7029899 3 1473 0 2
61127.1495602 3 1475 0 2
61127.2194784 3 1475 0 2
61142.1128057 2 -1 0 0
61142.1454521 3 1479 3 1
61145.2470031 3 -1 2 0
61147.5346665 4 1481 1 1
61147.5713024 0 1482 2 2
61147.9263411 1 1483 1 3
61147.972568 2 1484 2 4
61148.5433971 0 1482 2 2
61148.6986387 2 1484 2 4
61149.136348 3 1487 1 5
61149.1923972 3 1487 1 5
61149.281116 4 1488 2 6
61149.2877437 4 1489 2 6
61149.5018289 1 1486 1 3
61149.5157779 4 1488 2 6
61149.6045363 0 1490 1 7
61150.5665279 0 1493 1 7
61150.6209991 0 1490 1 7
61151.4006935 0 1491 1 7
61151.5299154 1 1497 2 8
61151.7809545 2 -1 0 0
61151.9763721 3 1499 2 1
61152.2669292 1 1497 2 8
61152.2810329 3 1499 3 1
61152.355204 3 1499 2 1
61152.708762 4 1503 1 2
61152.7731309 0 1504 2 3
61153.0618726 1 1495 2 8
61153.7016336 0 1504 2 3
61224.4126084 0 -1 3 0
61393.6897742 1 -1 0 0
61410.6789642 2 -1 0 0
61411.3830979 3 1510 3 1
61411.6033722 4 1511 0 2
61411.8447319 4 1511 0 2
61411.8472239 4 1511 0 2
61413.1052276 0 1512 3 3
61627.0629359 2 -1 0 0
61627.7759151 3 1516 3 1
61689.1951858 0 -1 3 0
61689.9313065 1 1518 0 1
61716.5990458 0 -1 3 0
61787.4018631 2 -1 0 0
61818.1833453 1 -1 0 0
61824.7357777 3 -1 2 0
61827.1147762 3 -1 2 0
61830.833448 4 1524 1 1
61832.9664393 0 1525 2 2
61833.0631734 4 1524 1 1
61833.2830111 1 1526 1 3
61978.6235263 3 -1 2 0
62066.6724094 3 -1 2 0
62066.7420345 4 1530 1 1
62069.6610855 0 1531 2 2
62069.8399754 1 1532 1 3
62116.6260933 2 -1 0 0
62117.3877037 3 1534 2 1
62241.4352846 4 -1 1 0
62241.5252592 0 1536 2 1
62279.8799426 1 -1 0 0
62284.6479158 4 -1 1 0
62285.0137807 0 1539 2 1
62381.2343285 3 -1 2 0
62433.4248236 1 -1 0 0
62489.3869921 0 -1 3 0
62490.1049866 1 1543 0 1
62490.6182426 2 1544 2 2
62490.8322089 3 1545 1 3
62491.9927493 3 1545 1 3
62492.8358376 4 1546 2 4
62492.9790601 3 1545 1 3
62493.8371143 0 1548 1 5
62494.0600921 1 1550 2 6
62494.5210151 1 1550 2 6
62549.2254453 0 -1 3 0
62653.7114299 2 -1 0 0
62666.1489644 3 -1 2 0
62738.4876561 2 -1 0 0
62762.1419894 2 -1 0 0
62771.4880591 2 -1 0 0
62817.1552169 0 -1 3 0
62969.3344049 1 -1 0 0
62969.7689511 2 1560 2 1
62969.9841771 2 1560 3 1
63030.1112237 3 -1 2 0
63243.650652 2 -1 0 0
63244.3067048 3 1564 3 1
63244.3096902 4 1565 0 2
63246.4932961 0 1566 2 3
63246.5444842 0 1566 3 3
63247.4262091 1 1568 0 4
63491.6035143 2 -1 0 0
63585.5195173 0 -1 3 0
63664.8322797 1 -1 0 0
63773.3028093 4 -1 1 0
63773.8134064 0 1573 2 1
63773.8718495 1 1574 1 2
63775.3360508 2 1575 2 3
63775.3699839 3 1576 1 4
63777.1921301 1 1574 1 2
63777.5708157 3 1576 1 4
63777.655199 0 1577 2 5
63777.7827256 1 1580 1 6
63777.8956317 2 1581 2 7
63778.2668718 2 1578 2 3
63778.3338324 2 1581 2 7
63801.1710925 3 -1 2 0
63816.696133 3 -1 2 0
63877.5437328 3 -1 2 0
64038.6449922 2 -1 0 0
64231.8313217 4 -1 1 0
64231.8684786 0 1589 2 1
64232.9499786 1 1590 1 2
64233.2469675 1 1590 1 2
64233.3115864 3 1592 2 3
64233.3709646 2 1592 2 3
64233.6743341 2 1592 2 3
64233.7196153 4 1593 1 4
64235.5379776 3 1594 1 4
64235.8027917 3 1595 1 4
64237.0557714 4 1593 1 4
64300.9690815 4 -1 1 0
64648.2061868 3 -1 2 0
64715.180238 4 -1 1 0
64827.8684059 4 -1 1 0
65027.0814617 0 -1 3 0
65027.4364345 1 1604 0 1
65028.909191 1 1604 0 1
65349.785552 3 -1 2 0
65351.8611207 4 1607 1 1
65352.2056576 0 1608 2 2
65420.2326772 1 -1 0 0
65623.5459336 3 -1 2 0
65704.9487628 2 -1 0 0
65705.8728797 3 1612 3 1
65855.0926387 2 -1 0 0
65858.4815824 3 -1 2 0
65859.0338003 4 1615 1 1
65859.3816395 0 1616 2 2
65885.6808874 1 -1 0 0
66129.387959 0 -1 3 0
66130.6418708 1 1619 0 1
66132.4355109 2 1620 2 2
66132.8251866 3 1621 1 3
66132.8377368 4 1622 2 4
66135.1192768 0 1623 1 5
66135.4742981 1 1624 2 6
66135.9732666 4 1622 2 4
66136.0667285 0 1626 1 5
66136.5101999 3 1625 1 7
66137.2835253 1 1624 2 6
66137.5854959 4 1628 2 8
66137.6498567 4 1628 2 8
66137.9017727 0 1631 1 9
66137.9761761 0 1626 1 5
66138.7618494 1 1632 2 10
66165.8999712 1 -1 0 0
66249.5220823 3 -1 2 0
66250.5986562 4 1636 1 1
66399.030519 1 -1 0 0
66401.1181163 3 -1 2 0
66419.2400168 0 -1 3 0
66739.881334 4 -1 1 0
66739.901475 0 1641 2 1
66744.144616 1 1642 1 2
66744.3271787 0 -1 3 0
66745.5382509 1 1644 0 1
66798.7208525 2 -1 0 0
66799.6414735 3 1646 3 1
66800.6679144 3 1646 2 1
66839.142331 3 -1 2 0
66989.7693995 4 -1 1 0
66990.2494017 0 1650 2 1
67174.5252521 4 -1 1 0
67193.9361641 3 -1 2 0
67193.9434864 4 1653 1 1
67195.1963099 0 1654 2 2
67208.6555835 1 -1 0 0
67273.8565271 1 -1 0 0
67545.5828849 2 -1 0 0
67545.793821 3 1658 3 1
67545.8523316 4 1659 0 2
67812.391868 2 -1 0 0
67977.5836884 3 -1 2 0
68064.3641005 0 -1 3 0
68064.6597236 1 1663 0 1
68079.7276153 0 -1 3 0
68271.3941553 1 -1 0 0
68271.4140354 2 1666 3 1
68508.7502268 0 -1 3 0
68509.3396556 1 1668 0 1
68510.8919496 2 1669 3 2
68511.3176885 3 1670 0 3
68747.6209025 3 -1 2 0
68749.8790646 4 1672 1 1
68817.4935725 4 -1 1 0
68818.9566003 0 1674 2 1
69221.5396314 4 -1 1 0
69222.8940871 0 1676 2 1
69223.2920836 1 1677 1 2
69223.5845702 2 1678 2 3
69223.7280552 3 1679 1 4
69223.8235093 3 1679 1 4
69228.1540903 0 -1 3 0
69256.5040605 1 -1 0 0
69256.8280377 2 1683 3 1
69279.4926803 2 -1 0 0
69279.4991749 3 1685 2 1
69307.9261047 1 -1 0 0
69307.9529439 2 1687 2 1
69308.0057935 2 1687 2 1
69308.1657981 3 1689 1 2
69309.6279956 4 1690 2 3
69420.7714538 2 -1 0 0
69421.2527215 3 1692 3 1
69454.805778 1 -1 0 0
69688.7695272 0 -1 3 0
69689.6123889 1 1695 0 1
69690.3433088 2 1696 3 2
69692.3713498 2 1696 3 2
69943.3489904 1 -1 0 0
69943.8080489 3 1699 2 1
69945.7561213 4 1700 1 2
69946.1038715 4 1700 1 2
70059.5001864 2 -1 0 0
70255.599126 3 -1 2 0
70404.5738016 2 -1 0 0
70405.3137862 3 1705 2 1
70415.92191 2 -1 0 0
70629.2825232 1 -1 0 0
70630.1024685 2 1708 3 1
70723.5334389 4 -1 1 0
70723.7507169 0 1710 2 1
70724.8585532 0 1710 2 1
70726.0656863 1 1712 1 2
70756.7593865 0 -1 3 0
70757.9741381 0 -1 3 0
70758.0643757 1 1715 0 1
70758.0987838 2 1716 3 2
70781.131747 1 -1 0 0
70891.3813425 4 -1 1 0
70891.5567565 0 1719 2 1
70892.3165396 1 1720 1 2
70914.7840193 0 -1 3 0
70914.9129596 1 1722 0 1
70914.9714968 1 1722 0 1
70916.21972 2 1724 3 2
71133.2335334 0 -1 3 0
71197.9140568 3 -1 2 0
71200.6801418 4 1727 1 1
71201.646839 0 1728 2 2
71202.0991267 1 1729 1 3
71202.5892066 0 1728 2 2
71395.2903914 2 -1 0 0
71395.5389289 3 1732 2 1
71505.6143428 0 -1 3 0
71505.6253612 1 1734 0 1
71505.8158184 2 1735 2 2
71505.8451448 1 1734 0 1
71505.918871 3 1736 1 3
71506.6827578 2 1735 3 2
71506.8516892 2 1735 2 2
71507.2935154 3 1739 0 3
71508.652998 2 1735 2 2
71524.2444789 3 -1 2 0
71526.3915797 4 1743 1 1
71526.434809 0 1744 2 2
71526.6129562 1 1745 1 3
71527.0300403 2 1746 2 4
71527.1177968 1 1745 1 3
71527.2911992 0 1744 2 2
71527.6587984 3 1747 1 5
71546.7099481 2 -1 0 0
71548.0340784 3 1751 2 1
71613.4817378 0 -1 3 0
71749.3685763 4 -1 1 0
71749.588849 0 1754 2 1
71749.8540877 0 1754 2 1
71750.1146491 1 1756 1 2
71752.1366596 2 1755 1 2
71752.6294057 3 1758 2 3
71753.2584747 3 1758 2 3
71753.3631113 3 1758 2 3
71753.8199131 4 1761 1 4
71754.4196139 0 1762 2 5
71754.6360359 0 1762 2 5
71755.4850528 1 1764 1 6
71801.7960424 4 -1 1 0
71803.7176729 0 1766 2 1
71873.2350439 0 -1 3 0
71873.2946471 1 1768 0 1
71901.5611874 4 -1 1 0
71901.7231495 0 1770 2 1
71902.0396315 1 1771 1 2
72199.669466 3 -1 2 0
72363.2348029 3 -1 2 0
72365.1597829 4 1774 1 1
72368.593608 3 -1 2 0
72423.9208753 2 -1 0 0
72424.3501902 3 1777 3 1
72424.6934251 3 1777 3 1
72549.4402114 2 -1 0 0
72553.3023483 3 1780 3 1
72553.7628685 4 1781 0 2
72560.5992482 2 -1 0 0
72798.54026 0 -1 3 0
72868.6973654 4 -1 1 0
72974.6183027 1 -1 0 0
73010.1259603 4 -1 1 0
73011.6480316 0 1787 2 1
73011.7383146 1 1788 1 2
73012.1665524 2 1789 2 3
73012.5341287 1 1788 1 2
73012.5853016 2 1791 2 3
73013.158393 3 1792 1 4
73013.1642936 0 1793 2 5
73013.6065879 4 1793 2 5
73013.6871126 3 1792 1 4
73013.900985 4 1796 2 5
73014.0151013 0 1797 1 6
73014.6523594 0 1797 1 6
73014.7335294 1 1799 2 7
73014.7829028 0 1797 1 6
73015.1769947 2 1800 1 8
73015.5710887 1 1799 2 7
73016.6466009 3 1802 2 9
73017.1643774 0 1804 1 10
73017.2192156 1 1805 2 11
73017.5237149 2 1803 1 8
73018.106379 3 1807 2 9
73018.8765974 4 1808 1 10
73020.9354969 0 1809 2 11
73022.2122301 1 1810 1 12
73030.635461 1 -1 0 0
73149.9359104 4 -1 1 0
73150.6651407 0 1813 2 1
73154.5039149 0 -1 3 0
73184.0729614 4 -1 1 0
73198.3993291 4 -1 1 0
73261.3264317 1 -1 0 0
73261.6481774 2 1818 2 1
73261.7389544 3 1819 1 2
73267.1744691 0 -1 3 0
73357.1427429 2 -1 0 0
73357.5991318 3 1822 3 1
73368.0875771 3 -1 2 0
73368.2915861 4 1824 1 1
73369.7921122 4 1824 1 1
73424.9549224 2 -1 0 0
73635.2920533 3 -1 2 0
73723.6097901 3 -1 2 0
73724.3926339 4 1829 1 1
73724.418302 4 1829 1 1
73724.7167633 0 1831 2 2
73725.5556426 4 1829 1 1
73833.4436393 3 -1 2 0
73839.9226681 4 -1 1 0
73840.2138096 0 1835 2 1
73840.5670724 1 1836 1 2
73841.2815973 1 1836 1 2
73841.9055253 2 1837 2 3
73842.0016565 3 1839 1 4
73843.0319998 4 1840 2 5
73845.3582091 0 -1 3 0
73874.4580146 1 -1 0 0
73874.4863127 2 1843 3 1
73874.5671051 2 1843 3 1
73875.3680039 3 1845 0 2
73880.6967786 2 -1 0 0
73881.19157 3 1847 2 1
74097.3644951 4 -1 1 0
74208.7253325 3 -1 2 0
74294.3982069 1 -1 0 0
74591.7127015 0 -1 3 0
74592.0215866 1 1852 0 1
74619.1060872 4 -1 1 0
74637.7766877 4 -1 1 0
74739.3751305 0 -1 3 0
74739.7265691 1 1856 0 1
74741.9510659 2 1857 2 2
74783.5025996 3 -1 2 0
74837.4285488 0 -1 3 0
74837.6935342 1 1860 0 1
74837.99591 1 1860 0 1
74838.0739042 2 1861 3 2
74838.1452267 1 1860 0 1
74838.457973 2 1862 3 2
74838.7475203 3 1865 0 3
74839.5916401 3 1863 0 3
75099.3925404 3 -1 2 0
75161.9824998 2 -1 0 0
75229.4416819 0 -1 3 0
75446.5609 4 -1 1 0
75447.0225342 0 1871 2 1
75490.1613949 2 -1 0 0
75532.3725761 3 -1 2 0
75604.9100577 0 -1 3 0
75605.9184257 1 1875 0 1
75731.0100514 2 -1 0 0
75733.8654321 3 1877 2 1
75734.2130825 4 1878 1 2
75736.3864599 4 1878 1 2
75736.5344115 0 1880 2 3
75861.7627897 4 -1 1 0
75862.8365214 0 1882 2 1
75862.9931768 1 1883 1 2
75863.1875539 2 1884 2 3
75863.6635855 2 1884 2 3
75863.8057565 3 1886 1 4
75864.2079749 3 1886 1 4
75893.7986658 2 -1 0 0
75894.2820008 3 1889 3 1
75895.0974983 4 1890 0 2
75895.5164722 0 1891 2 3
75895.8182546 4 1890 0 2
75897.0585013 0 1893 3 3
75914.4030954 0 -1 3 0
75914.5962544 1 1895 0 1
75914.7356089 1 1895 0 1
75915.1508328 2 1897 3 2
75915.582417 2 1897 2 2
75917.2448192 2 1896 2 2
75963.6449815 1 -1 0 0
76087.8637657 4 -1 1 0
76403.8372553 3 -1 2 0
76505.3972797 2 -1 0 0
76506.5095352 3 1904 2 1
76594.5419683 4 -1 1 0
76596.9641162 0 1906 2 1
76597.1094187 1 1907 1 2
76782.3747175 4 -1 1 0
76782.4575961 0 1909 2 1
76794.5860693 1 -1 0 0
76796.4913902 2 1911 2 1
76798.0631081 3 1912 1 2
76905.4793753 4 -1 1 0
77164.4911054 1 -1 0 0
77164.7425288 2 1915 2 1
77165.3313244 3 1916 1 2
77165.9064467 3 1916 1 2
77165.9554088 0 1917 2 3
77166.1261787 4 1917 2 3
77166.7941007 4 1918 2 3
77166.9561223 4 1918 2 3
77167.7542479 0 1921 1 4
77168.6966704 0 1920 1 4
77169.8259928 0 1922 1 4
77171.3025052 0 1922 1 4
77171.7460284 1 1925 2 5
77323.5138762 4 -1 1 0
77323.9857245 0 1928 2 1
77342.4931783 3 -1 2 0
77527.9009178 1 -1 0 0
77528.2136997 2 1931 3 1
77528.8724855 3 1932 0 2
77705.8038058 3 -1 2 0
77770.8541495 4 -1 1 0
77771.7849037 0 1935 2 1
77866.5008013 1 -1 0 0
77941.7880519 3 -1 2 0
77953.9732506 4 -1 1 0
77969.4721247 2 -1 0 0
78217.7244318 3 -1 2 0
78330.0300129 3 -1 2 0
78330.556156 4 1942 1 1
78356.0229323 0 -1 3 0
78356.0580847 1 1944 0 1
78357.2500769 2 1945 2 2
78358.3992943 1 1944 0 1
78358.7981603 2 1947 3 2
78399.995894 0 -1 3 0
78560.878762 0 -1 3 0
78730.2805749 1 -1 0 0
78861.9535524 3 -1 2 0
78892.4858686 1 -1 0 0
78893.2532902 2 1953 3 1
78893.5916388 4 -1 1 0
78915.8476697 1 -1 0 0
79049.979602 1 -1 0 0
79050.1452521 2 1957 3 1
79050.5310259 3 1958 0 2
79050.5957896 3 1958 0 2
79051.0351784 4 1960 3 3
79051.3787709 4 1959 2 3
79051.67159 2 1957 3 1
79052.1541443 0 1962 1 4
79053.0172942 1 1961 0 4
79069.7585539 0 -1 3 0
79231.7730824 0 -1 3 0
79251.2135412 0 -1 3 0
79251.6161173 1 1968 0 1
79251.8541729 1 1968 0 1
79253.8824484 2 1970 2 2
79503.5927841 3 -1 2 0
79537.171103 4 -1 1 0
79539.0109347 1 -1 0 0
79539.7149684 2 1974 2 1
79580.866467 2 -1 0 0
79581.3510719 3 1976 3 1
79584.587011 3 -1 2 0
79584.6454211 4 1978 1 1
79723.8494362 2 -1 0 0
79829.8326651 4 -1 1 0
79917.0412556 0 -1 3 0
79917.4672283 1 1982 0 1
80023.7256584 1 -1 0 0
80189.5880395 2 -1 0 0
80294.47527 4 -1 1 0
80294.6463112 0 1986 2 1
80294.9503406 1 1987 1 2
80296.0317359 2 1988 2 3
80297.2370288 3 1989 1 4
80607.4784009 2 -1 0 0
80748.1016586 2 -1 0 0
80749.1442295 3 1992 2 1
80749.2720166 4 1993 1 2
80749.2800705 3 1992 3 1
80750.3588803 4 1993 1 2
80752.4096886 0 1996 2 3
80752.600654 1 1997 1 4
80752.9250821 2 1998 2 5
80831.7398866 1 -1 0 0
80946.3645161 3 -1 2 0
80947.9136201 1 -1 0 0
81003.5199258 0 -1 3 0
81040.1346511 4 -1 1 0
81040.6623778 0 2004 2 1
81152.3913789 1 -1 0 0
81360.7988892 2 -1 0 0
81393.7959304 3 -1 2 0
81394.2999851 4 2008 1 1
81565.4954789 4 -1 1 0
81565.5193669 0 2010 2 1
81565.7713505 1 2011 1 2
81688.8742965 0 -1 3 0
81689.0337538 1 2013 0 1
81689.7226728 2 2013 0 1
81690.2311121 3 2015 3 2
81690.5559058 1 2013 0 1
81815.4927652 0 -1 3 0
81956.1256791 4 -1 1 0
81956.2622562 0 2019 2 1
81957.0957276 0 2019 2 1
81957.3315012 1 2021 1 2
81957.4123208 0 2019 2 1
81957.4321109 1 2021 1 2
81957.7499801 2 2024 2 3
81957.8423831 2 2022 2 3
81957.9250614 3 2025 1 4
81958.3209651 1 2021 1 2
81959.3976989 3 2026 1 4
82012.9750931 3 -1 2 0
82330.2986894 3 -1 2 0
82331.8350231 4 2031 1 1
82332.0182732 0 2032 2 2
82333.27029 1 2033 1 3
82333.9356855 2 2034 2 4
82334.3770406 2 2034 2 4
82335.0327119 3 2036 1 5
82335.6255432 4 2037 2 6
82452.2309602 2 -1 0 0
82603.7221211 0 -1 3 0
82611.3364593 1 -1 0 0
82613.8400041 2 2041 2 1
82614.0692304 3 2042 1 2
82615.4384385 4 2043 2 3
82705.5332363 4 -1 1 0
82709.0636797 0 2045 2 1
82710.6414638 0 -1 3 0
82711.3613051 1 2047 0 1
82711.822678 1 2047 0 1
82712.1308536 2 2049 3 2
82712.7083889 2 2049 2 2
82713.5431168 3 2051 1 3
82713.8368721 4 2052 2 4
82714.0519505 1 2047 0 1
82714.6319347 4 2052 2 4
82714.7688106 0 2055 1 5
82715.3494248 0 2055 1 5
82716.8126056 2 2057 2 6
82716.8337584 1 2056 2 6
82717.0936597 0 2055 1 5
82841.254826 4 -1 1 0
82841.4690175 0 2061 2 1
82841.485351 1 2062 1 2
82841.5453389 1 2062 1 2
82841.8678618 2 2063 2 3
82842.5400453 2 2064 2 3
82842.708683 0 2061 2 1
82843.0303939 3 2066 1 4
82843.2485987 1 2067 1 2
82843.552974 4 2068 2 5
82843.5616082 0 2070 1 6
82844.1730242 1 2062 1 2
82844.3413481 2 2069 2 3
82844.3603424 0 2070 1 6
82844.4308096 3 2065 1 4
82844.5321681 2 2069 2 3
82845.4572009 2 2072 2 3
82845.7405413 2 2072 2 3
82845.774439 3 2078 1 4
82845.9615377 0 2070 1 6
82845.9889356 1 2080 2 7
82846.0216146 2 2081 1 8
82846.0711986 2 2081 1 8
82847.0624747 4 2079 2 5
82848.2170648 4 2079 2 5
82848.8326951 3 2077 1 4
82849.290988 0 2085 1 6
82849.6879704 4 2086 2 5
82849.8194422 0 2088 1 6
82850.1348891 4 2086 2 5
82852.0768682 0 2090 1 6
82853.6347698 1 -1 0 0
82854.1366033 2 2092 3 1
82854.3017971 3 2093 0 2
82855.6441813 4 2094 3 3
82855.9117474 0 2095 0 4
82856.438966 0 2095 0 4
82856.9657331 4 2094 2 3
82868.7848668 1 -1 0 0
82868.9754671 2 2099 2 1
82919.7477627 2 -1 0 0
82919.928093 3 2101 3 1
82921.0969403 3 2101 2 1
82982.4423662 3 -1 2 0
83010.9812652 4 -1 1 0
83270.5051298 4 -1 1 0
83270.5423198 0 2106 2 1
83271.1955195 1 2107 1 2
83271.587028 0 -1 3 0
83271.8567323 1 2109 0 1
83273.1483735 0 2106 2 1
83283.7941748 3 -1 2 0
83284.7977739 4 2112 1 1
83289.5782778 3 -1 2 0
83413.0478936 1 -1 0 0
83597.1922777 2 -1 0 0
83712.2139679 2 -1 0 0
83712.2857912 3 2117 2 1
83712.4977424 3 2117 3 1
83714.7083314 4 2119 0 2
83714.7788433 0 2120 3 3
83842.1959433 4 -1 1 0
83958.4602343 4 -1 1 0
83958.8986011 0 2123 2 1
83959.1042605 0 2123 2 1
84081.1416799 1 -1 0 0
84082.4013408 2 2126 3 1
84082.8885344 3 2127 0 2
84082.942504 2 2126 2 1
84348.432772 3 -1 2 0
84372.7328765 4 -1 1 0
84439.7264963 4 -1 1 0
84439.729132 0 2132 2 1
84440.7726828 1 2133 1 2
84442.0705576 0 2132 2 1
84490.8766369 2 -1 0 0
84585.6414978 4 -1 1 0
84738.641345 1 -1 0 0
84752.879525 2 -1 0 0
84821.2857034 3 -1 2 0
84987.1836414 0 -1 3 0
85069.9644341 4 -1 1 0
85070.6535918 0 2142 2 1
85129.211012 2 -1 0 0
85130.2579724 3 2144 3 1
85130.3316573 4 2145 0 2
85130.8410035 1 2146 3 3
85221.2825657 4 -1 1 0
85221.5759332 0 2148 2 1
85221.983417 1 2149 1 2
85222.480366 1 2149 1 2
85222.6690975 2 2151 2 3
85223.7910654 3 2152 1 4
85426.5110736 1 -1 0 0
85595.1109555 4 -1 1 0
85597.800481 1 -1 0 0
85599.7136772 2 2156 2 1
85744.0306488 2 -1 0 0
86025.8476661 1 -1 0 0
86027.1298718 2 2159 3 1
86120.1517246 0 -1 3 0
86120.7242457 1 2161 0 1
86213.6722318 0 -1 3 0
86391.7869892 2 -1 0 0
86391.8390867 3 2164 3 1
86393.3552338 4 2165 0 2
86395.2281062 0 2166 3 3
86395.4183355 1 2167 0 4
86398.8162616 2 2168 3 5
86584.481735 2 -1 0 0
86584.8693914 3 2170 3 1
86588.5430221 2 -1 0 0
86588.9357699 3 2172 2 1
86666.6786947 2 -1 0 0
86667.4954083 3 2174 3 1
86668.3271648 4 2175 0 2
86668.9013231 0 2176 3 3
86669.5976938 1 2177 0 4
86672.4725631 2 2178 3 5
86723.553589 0 -1 3 0
86797.3343652 0 -1 3 0
86817.8413312 2 -1 0 0
86817.8704566 3 2182 2 1
86817.9479132 4 2183 1 2
86818.6844923 0 2184 2 3
86818.8274636 0 2184 2 3
86819.1803029 1 2186 1 4
86819.4806051 1 2185 1 4
86819.6636209 2 2188 2 5
86820.3365054 0 2184 2 3
86820.4684186 1 2190 1 4
86820.4917127 2 2191 2 5
86820.5640822 1 2190 1 4
86820.9355424 2 2191 2 5
86821.7407398 3 2189 1 6
86997.0157243 0 -1 3 0
87042.4157696 3 -1 2 0
87042.8530762 4 2197 1 1
87060.7014257 2 -1 0 0
87063.9303159 3 2199 3 1
87069.4179658 3 -1 2 0
87214.391477 2 -1 0 0
87216.7207911 3 2202 2 1
87346.7776826 0 -1 3 0
87498.348336 3 -1 2 0
87539.0735374 3 -1 2 0
87770.3768098 0 -1 3 0
87770.8703471 1 2207 0 1
87889.8797563 4 -1 1 0
87897.6109882 1 -1 0 0
87943.263285 4 -1 1 0
88194.0305023 1 -1 0 0
88356.2976175 2 -1 0 0
88357.5285632 3 2213 3 1
88357.5707276 4 2214 0 2
88359.0082688 4 2214 0 2
88359.7984351 4 2214 0 2
88412.8628738 1 -1 0 0
88484.8753474 2 -1 0 0
88669.0707478 2 -1 0 0
89141.5112921 0 -1 3 0
89142.353385 1 2221 0 1
89196.8251858 1 -1 0 0
89271.7425509 3 -1 2 0
89273.3406613 4 2224 1 1
89565.4318125 0 -1 3 0
89566.378676 1 2226 0 1
89928.1062145 0 -1 3 0
90199.8031021 0 -1 3 0
90289.6662061 4 -1 1 0
90290.2661733 0 2230 2 1
90291.539334 1 2231 1 2
90291.850949 2 2232 2 3
90367.8837747 0 -1 2 0
90401.4267055 0 -1 3 0
90401.6509153 1 2235 0 1
90504.7790523 0 -1 3 0
90845.9640317 2 -1 0 0
90850.2936728 3 -1 2 0
90851.6800459 4 2239 1 1
90853.0309767 2 -1 0 0
91019.1737772 0 -1 3 0
91019.2586749 1 2242 0 1
91091.247468 0 -1 3 0
91092.3397782 1 2244 0 1
91092.5287382 1 2244 0 1
91092.6176468 2 2246 3 2
91092.6884175 2 2246 2 2
91093.8800725 2 2246 3 2
91126.6488306 0 -1 3 0
91128.3936745 0 -1 3 0
91128.9475877 1 2251 0 1
91130.9349458 2 2252 3 2
91137.7190537 3 -1 2 0
91138.2055988 4 2254 1 1
91138.6285921 0 2254 1 1
91138.6703942 0 2255 2 2
91138.9714558 1 2256 2 2
91139.543905 1 2257 1 3
91139.6845824 4 2254 1 1
91158.3335685 2 -1 0 0
91159.1944961 4 -1 1 0
91161.3080434 0 2262 2 1
91167.9422636 1 -1 0 0
91168.2857453 2 2264 2 1
91179.1348936 3 -1 2 0
91215.6402984 3 -1 2 0
91264.7997113 2 -1 0 0
91312.7510197 0 -1 3 0
91314.4236279 1 2269 0 1
91340.6638765 3 -1 2 0
91569.0591035 3 -1 2 0
91592.4308319 2 -1 0 0
91597.9263356 2 -1 0 0
91600.1592478 3 2274 3 1
91600.5493793 3 2274 2 1
91601.7189325 4 2275 0 2
91601.8304793 4 2276 1 2
91601.8924812 0 2278 2 3
91602.0781942 1 2279 1 4
91602.1692335 1 2279 1 4
91602.1777121 0 2278 2 3
91602.7749962 0 2277 2 3
91602.8298461 1 2282 1 4
91602.9635581 1 2282 1 4
91603.3235267 0 2278 2 3
91604.073089 2 2284 2 5
91604.3693937 0 2278 2 3
91604.6270243 2 2284 2 5
91605.8877565 0 2278 2 3
91605.8913103 1 2288 1 4
91828.5827756 4 -1 1 0
91828.5865191 0 2292 2 1
91989.6272566 4 -1 1 0
92151.3447187 2 -1 0 0
92205.5458535 1 -1 0 0
92206.1145462 2 2296 3 1
92207.2183699 3 2297 0 2
92207.9269085 4 2298 3 3
92213.3984301 0 -1 3 0
92282.7809145 4 -1 1 0
92499.9090089 4 -1 1 0
92505.8219644 1 -1 0 0
92539.9923911 4 -1 1 0
92587.2931323 4 -1 1 0
92587.5840438 0 2305 2 1
92588.2609579 1 2306 1 2
92588.5504109 0 2305 2 1
92588.8032965 2 2307 2 3
92589.4648369 0 2305 2 1
92840.6069831 0 -1 3 0
92871.5385049 1 -1 0 0
92873.9864953 2 2312 2 1
92874.6836137 3 2313 1 2
92990.7936065 0 -1 3 0
92990.9338523 1 2315 0 1
92991.3061369 2 2316 3 2
93023.7529758 1 -1 0 0
93418.4635598 3 -1 2 0
93419.9760159 4 2319 1 1
93457.9665826 2 -1 0 0
93459.3317383 3 2321 3 1
93459.6518902 4 2322 0 2
93459.8955577 4 2322 0 2
93464.273589 0 2324 2 3
93464.4479837 1 2325 1 4
93464.5709871 2 2326 2 5
93464.7412693 3 2327 1 6
93553.3671723 4 -1 1 0
94001.5612743 3 -1 2 0
94001.8434848 4 2330 1 1
94004.986789 2 -1 0 0
94005.3332783 3 2332 3 1
94005.8289157 3 2332 2 1
94005.8406259 4 2334 1 2
94007.2177236 0 2335 2 3
94007.6834143 0 2335 2 3
94008.0603978 1 2336 1 4
94008.0766882 2 2338 2 5
94027.5127694 0 -1 3 0
94397.6435938 0 -1 3 0
94399.5281168 1 2341 0 1
94458.0509434 2 -1 0 0
94861.8247708 1 -1 0 0
95050.8067859 3 -1 2 0
95050.9437516 4 2345 1 1
95099.2253722 3 -1 2 0
95197.7489249 3 -1 2 0
95198.0940313 4 2348 1 1
95231.4272656 3 -1 2 0
95231.7357116 4 2350 1 1
95281.8328499 1 -1 0 0
95423.5315468 0 -1 3 0
95423.7311537 1 2353 0 1
95423.8961771 2 2354 2 2
95473.0131842 0 -1 3 0
95512.2402772 3 -1 2 0
95634.6455896 1 -1 0 0
95639.2513702 2 2358 3 1
95815.2773221 0 -1 3 0
95815.7029171 1 2360 0 1
95839.3404278 4 -1 1 0
95839.9092924 0 2362 2 1
95859.1978939 4 -1 1 0
95859.7820575 0 2364 2 1
95937.0020078 2 -1 0 0
96033.5300302 2 -1 0 0
96035.3864549 3 2367 2 1
96035.9973753 4 2368 1 2
96036.1044182 4 2368 1 2
96037.2142861 0 2369 2 3
96037.4022964 4 2368 1 2
96037.6565542 0 2372 2 3
96038.1642252 1 2371 1 4
96040.8458037 0 2372 2 3
96091.6239819 0 -1 3 0
96093.4872463 1 2376 0 1
96093.7406717 2 2377 3 2
96094.0419929 2 2377 3 2
96094.1407081 3 2379 0 3
96094.8884675 3 2379 0 3
96094.9461648 3 2378 0 3
96095.2370094 4 2382 3 4
96095.4847294 4 2382 2 4
96095.8613717 0 2383 0 5
96095.9633001 0 2383 0 5
96096.0938294 1 2386 3 6
96096.8455285 0 2383 0 5
96101.0555043 2 -1 0 0
96101.4924296 3 2389 3 1
96101.8636463 4 2390 0 2
96101.9479723 4 2390 0 2
96102.2314026 0 2391 3 3
96102.6744806 3 2389 3 1
96103.9032604 4 2394 0 2
96111.3515458 1 -1 0 0
96182.9637053 2 -1 0 0
96183.7799753 3 2397 2 1
96253.9432912 0 -1 3 0
96535.9368821 2 -1 0 0
96855.1334422 2 -1 0 0
96855.9930252 3 2401 3 1
96859.9809655 3 2401 3 1
96907.0280766 1 -1 0 0
96918.2936817 3 -1 2 0
96939.8679753 2 -1 0 0
96941.3898311 3 2406 2 1
96941.4582139 4 2407 1 2
97025.8452999 0 -1 3 0
97026.5417898 1 2409 0 1
97035.5872714 4 -1 1 0
97094.7744336 1 -1 0 0
97113.1439459 1 -1 0 0
97213.3046584 2 -1 0 0
97214.5679005 3 2414 3 1
97236.0426221 3 -1 2 0
97236.6963137 4 2416 1 1
97236.7941743 0 2417 2 2
97237.2434537 0 2417 2 2
97237.2529348 4 2416 1 1
97237.257912 4 2416 1 1
97237.4813537 1 2419 1 3
97237.7308667 1 2419 1 3
97237.8028794 0 2417 2 2
97238.0109759 0 2417 2 2
97238.1661794 4 2416 1 1
97238.7664429 1 2424 1 3
97239.7258265 2 2427 2 4
97239.7489672 3 2428 1 5
97240.5811124 4 2429 2 6
97241.5644251 4 2429 2 6
97613.9965566 1 -1 0 0
97780.3571617 2 -1 0 0
97780.5514905 3 2433 2 1
97781.1984516 3 2433 2 1
97781.6146584 4 2435 1 2
97781.840612 3 2433 3 1
97782.3464422 4 2437 0 2
97782.8007845 0 2438 2 3
97782.8935652 0 2438 2 3
97783.0629865 0 2438 3 3
97784.7352214 0 2438 3 3
97784.9063983 1 2440 1 4
97786.4542282 2 2443 2 5
97786.6552633 3 2444 1 6
97788.2210205 1 2439 1 4
97788.6680172 2 2446 2 5
97788.7047629 3 2447 1 6
97788.8345748 2 2446 2 5
97789.068508 3 2449 1 6
97789.2569116 4 2448 2 7
97789.2839753 2 2446 2 5
97841.9794603 2 -1 0 0
97975.8127335 4 -1 1 0
98036.1614796 1 -1 0 0
98040.8055585 4 -1 1 0
98040.8823864 2 2455 3 1
98040.977031 3 2457 0 2
98041.0278066 3 2457 0 2
98041.2491272 4 2459 2 3
98041.7787988 4 2459 3 3
98043.4290677 0 2460 1 4
98159.9628093 3 -1 2 0
98293.120712 3 -1 2 0
98293.7164211 4 2464 1 1
98392.030801 0 -1 3 0
98392.2232749 1 2466 0 1
98518.7125028 2 -1 0 0
98519.2504627 3 2468 2 1
98519.9239368 4 2469 1 2
98521.6136096 0 2470 2 3
98524.7626744 1 2471 1 4
98538.9287327 4 -1 1 0
98539.6414084 0 2473 2 1
98542.0980514 0 2473 2 1
98542.1752669 1 2475 1 2
98542.3004105 1 2475 1 2
98543.5009305 1 2475 1 2
98544.5542204 2 2478 2 3
98546.0909428 3 2479 1 4
98582.5931495 1 -1 0 0
98770.2515738 0 -1 3 0
98782.3746171 0 -1 3 0
98782.5542614 1 2483 0 1
98783.3583939 2 2484 3 2
98803.8498099 3 -1 2 0
98804.0172969 4 2486 1 1
98804.299544 0 2487 2 2
98804.5571027 1 2488 1 3
98804.8979523 2 2489 2 4
98805.5755802 1 2488 1 3
98806.0898203 3 2490 1 5
98806.6859118 4 2492 2 6
98807.2697998 0 2493 1 7
98807.3777046 2 2491 2 4
98809.3998736 3 2490 1 5
98917.3187063 3 -1 2 0
98982.0458721 0 -1 3 0
98982.1696131 1 2498 0 1
98983.4907949 2 2499 3 2
98989.8759553 2 -1 0 0
99005.5822251 3 -1 2 0
99005.7602706 0 2502 1 1
99006.088915 4 2502 1 1
99120.7010882 0 -1 3 0
99259.9079712 0 -1 3 0
99262.3775917 1 2506 0 1
99262.6874201 1 -1 0 0
99394.7102207 4 -1 1 0
99395.0076225 0 2509 2 1
99395.3802773 1 2510 1 2
99464.4478444 3 -1 2 0
99464.4714188 4 2512 1 1
99466.2615953 4 -1 1 0
99482.4503715 0 -1 3 0
99510.0911727 1 -1 0 0
99606.1696882 0 -1 3 0
99606.6212539 1 2517 0 1
99606.7799514 2 2518 3 2
99629.3250233 0 -1 3 0
99629.4043475 1 2520 0 1
99629.7795753 1 2520 0 1
99630.0748092 2 2522 2 2
99630.1386096 3 2523 1 3
99630.5778715 4 2524 2 4
99631.5663421 0 2525 1 5
99631.9781357 3 2523 1 3
99632.097159 3 2523 1 3
99632.6109388 1 2526 2 6
99633.8106258 3 2523 1 3
99633.9985977 2 2529 1 7
99634.1022972 3 2531 2 8
99634.2685907 4 2532 1 9
99671.9260875 3 -1 2 0
99737.7925087 4 -1 1 0
99738.3990996 1 2535 2 1
99739.97187 2 2536 1 2
