0 0
0 1
0 2
0 3
2 4 3 2 
1 5 3 
2 6 5 3 
0 7
0 8
0 9
0 10
1 11 10 
2 12 11 10 
1 13 7 
4 14 12 11 10 9 
4 15 13 12 11 10 
0 16
0 17
0 18
0 19
0 20
0 21
0 22
0 23
0 24
1 25 24 
1 26 23 
0 27
0 28
0 29
0 30
0 31
0 32
0 33
0 34
0 35
0 36
0 37
0 38
0 39
0 40
0 41
0 42
1 43 42 
1 44 42 
3 45 44 43 42 
4 46 45 44 43 42 
0 47
0 48
0 49
0 50
0 51
0 52
2 53 52 51 
1 54 52 
0 55
1 56 50 
3 57 53 51 50 
2 58 56 55 
4 59 58 55 54 52 
5 60 59 54 53 52 51 
0 61
0 62
0 63
1 64 63 
0 65
3 66 64 63 62 
1 67 65 
0 68
0 69
1 70 69 
0 71
0 72
0 73
0 74
0 75
0 76
0 77
0 78
0 79
0 80
0 81
0 82
0 83
0 84
0 85
0 86
0 87
1 88 87 
0 89
0 90
0 91
0 92
0 93
0 94
0 95
0 96
0 97
1 98 97 
0 99
1 100 96 
2 101 98 96 
2 102 99 97 
0 103
0 104
1 105 103 
0 106
0 107
0 108
0 109
0 110
0 111
0 112
0 113
0 114
0 115
0 116
0 117
0 118
0 119
0 120
0 121
1 122 121 
2 123 122 121 
0 124
1 125 124 
0 126
0 127
0 128
0 129
0 130
1 131 127 
2 132 131 130 
0 133
0 134
0 135
0 136
0 137
0 138
0 139
0 140
0 141
0 142
0 143
0 144
0 145
0 146
2 147 146 145 
3 148 147 146 145 
4 149 148 147 146 145 
0 150
0 151
0 152
0 153
2 154 153 152 
1 155 153 
0 156
1 157 151 
2 158 157 156 
3 159 154 152 151 
4 160 155 154 153 152 
4 161 158 156 155 153 
3 162 158 157 156 
0 163
1 164 163 
0 165
0 166
0 167
0 168
0 169
0 170
0 171
0 172
0 173
0 174
1 175 174 
0 176
1 177 176 
0 178
0 179
0 180
0 181
0 182
0 183
0 184
0 185
0 186
0 187
1 188 187 
0 189
0 190
0 191
0 192
1 193 192 
0 194
0 195
0 196
0 197
0 198
0 199
1 200 199 
0 201
0 202
0 203
0 204
0 205
0 206
1 207 206 
0 208
0 209
0 210
1 211 209 
2 212 211 209 
1 213 209 
0 214
1 215 214 
0 216
0 217
0 218
0 219
0 220
1 221 220 
0 222
0 223
0 224
0 225
0 226
1 227 226 
0 228
0 229
0 230
0 231
0 232
2 233 231 230 
1 234 229 
2 235 232 231 
3 236 235 232 231 
2 237 234 232 
3 238 237 234 232 
4 239 238 237 234 232 
7 240 239 238 237 236 235 232 231 
2 241 234 229 
3 242 241 234 229 
0 243
0 244
0 245
0 246
2 247 245 244 
2 248 246 245 
1 249 243 
3 250 247 244 243 
3 251 248 246 245 
2 252 249 246 
0 253
0 254
1 255 254 
0 256
0 257
0 258
0 259
0 260
0 261
0 262
0 263
0 264
0 265
1 266 265 
0 267
0 268
1 269 268 
0 270
0 271
0 272
1 273 272 
0 274
0 275
0 276
0 277
0 278
0 279
0 280
1 281 280 
0 282
0 283
0 284
1 285 284 
0 286
0 287
0 288
0 289
0 290
0 291
1 292 288 
0 293
0 294
1 295 294 
2 296 295 294 
0 297
4 298 297 296 295 294 
1 299 297 
0 300
3 301 300 299 297 
0 302
0 303
0 304
0 305
1 306 302 
2 307 303 302 
3 308 307 306 302 
3 309 307 303 302 
5 310 309 308 307 306 302 
4 311 309 307 303 302 
2 312 304 303 
0 313
0 314
0 315
0 316
0 317
0 318
0 319
0 320
0 321
0 322
1 323 322 
2 324 320 319 
0 325
0 326
0 327
0 328
0 329
0 330
0 331
0 332
0 333
0 334
0 335
0 336
0 337
1 338 337 
0 339
0 340
0 341
2 342 341 340 
1 343 341 
0 344
0 345
1 346 342 
2 347 346 345 
2 348 346 342 
0 349
0 350
0 351
0 352
0 353
0 354
0 355
1 356 355 
0 357
1 358 353 
2 359 354 353 
0 360
0 361
0 362
0 363
0 364
1 365 364 
0 366
1 367 366 
1 368 362 
2 369 363 362 
3 370 365 364 363 
4 371 367 366 365 364 
0 372
0 373
0 374
0 375
0 376
0 377
1 378 377 
1 379 374 
2 380 375 374 
3 381 379 378 377 
4 382 381 379 378 377 
0 383
0 384
0 385
0 386
0 387
0 388
0 389
0 390
1 391 390 
0 392
3 393 391 390 389 
3 394 392 391 390 
0 395
0 396
0 397
0 398
0 399
0 400
0 401
1 402 400 
2 403 402 401 
1 404 402 
0 405
0 406
1 407 403 
2 408 404 403 
0 409
0 410
0 411
0 412
2 413 412 411 
0 414
0 415
0 416
0 417
0 418
0 419
0 420
0 421
0 422
1 423 422 
3 424 423 422 421 
2 425 423 422 
0 426
1 427 420 
2 428 427 426 
3 429 424 421 420 
5 430 425 424 423 422 421 
5 431 430 429 424 421 420 
0 432
0 433
0 434
0 435
0 436
0 437
0 438
0 439
1 440 438 
2 441 440 438 
1 442 438 
0 443
0 444
0 445
0 446
0 447
0 448
0 449
0 450
1 451 450 
1 452 450 
0 453
1 454 453 
0 455
0 456
0 457
0 458
0 459
1 460 459 
0 461
1 462 457 
0 463
0 464
0 465
0 466
1 467 466 
0 468
0 469
0 470
0 471
0 472
0 473
0 474
0 475
0 476
0 477
2 478 477 476 
0 479
2 480 479 477 
1 481 475 
2 482 481 475 
3 483 478 476 475 
3 484 480 479 477 
5 485 484 480 478 477 476 
6 486 485 484 480 478 477 476 
4 487 484 480 479 477 
5 488 487 484 480 479 477 
3 489 482 481 479 
7 490 489 488 487 484 480 479 477 
4 491 489 482 481 479 
0 492
0 493
0 494
0 495
0 496
0 497
1 498 496 
0 499
0 500
0 501
0 502
0 503
0 504
0 505
2 506 504 503 
2 507 505 504 
4 508 507 506 504 503 
3 509 507 505 504 
1 510 505 
5 511 510 509 507 505 504 
6 512 511 510 509 507 505 504 
2 513 510 505 
3 514 513 510 505 
1 515 502 
4 516 508 506 503 502 
3 517 516 515 502 
0 518
0 519
0 520
0 521
0 522
0 523
0 524
1 525 523 
0 526
0 527
1 528 527 
0 529
0 530
0 531
0 532
0 533
1 534 530 
2 535 534 533 
2 536 534 530 
3 537 535 533 532 
4 538 536 535 534 533 
0 539
0 540
0 541
0 542
0 543
1 544 543 
0 545
0 546
0 547
0 548
0 549
0 550
0 551
0 552
0 553
0 554
0 555
0 556
1 557 556 
0 558
0 559
0 560
0 561
0 562
0 563
0 564
0 565
0 566
0 567
0 568
0 569
0 570
0 571
0 572
0 573
0 574
0 575
0 576
0 577
0 578
0 579
0 580
0 581
0 582
0 583
0 584
0 585
0 586
0 587
0 588
0 589
0 590
0 591
2 592 591 590 
3 593 592 590 589 
3 594 592 591 590 
4 595 594 592 591 590 
1 596 591 
1 597 588 
2 598 597 588 
0 599
0 600
0 601
0 602
0 603
0 604
1 605 601 
2 606 602 601 
2 607 603 602 
3 608 607 603 602 
0 609
0 610
1 611 610 
0 612
0 613
0 614
0 615
0 616
0 617
0 618
0 619
0 620
0 621
0 622
0 623
0 624
0 625
0 626
0 627
0 628
0 629
1 630 629 
0 631
1 632 631 
0 633
0 634
0 635
0 636
0 637
0 638
0 639
0 640
1 641 638 
2 642 639 638 
2 643 640 639 
1 644 640 
1 645 641 
0 646
0 647
0 648
0 649
1 650 649 
0 651
0 652
0 653
1 654 653 
0 655
0 656
0 657
0 658
1 659 658 
0 660
0 661
0 662
0 663
0 664
0 665
0 666
0 667
0 668
0 669
0 670
0 671
0 672
0 673
0 674
0 675
0 676
0 677
0 678
0 679
2 680 679 678 
1 681 679 
1 682 681 
0 683
1 684 683 
0 685
0 686
1 687 682 
0 688
0 689
0 690
0 691
0 692
2 693 691 690 
0 694
0 695
0 696
1 697 694 
0 698
0 699
0 700
0 701
0 702
0 703
0 704
0 705
1 706 705 
0 707
0 708
1 709 708 
0 710
0 711
0 712
0 713
1 714 713 
2 715 714 713 
0 716
0 717
0 718
0 719
0 720
0 721
0 722
0 723
0 724
2 725 723 722 
2 726 724 723 
0 727
0 728
0 729
0 730
0 731
1 732 731 
0 733
0 734
1 735 734 
0 736
0 737
0 738
1 739 738 
0 740
0 741
0 742
0 743
0 744
0 745
1 746 745 
0 747
1 748 747 
0 749
0 750
0 751
0 752
2 753 751 750 
0 754
0 755
0 756
0 757
0 758
0 759
1 760 756 
2 761 757 756 
0 762
0 763
1 764 763 
0 765
0 766
0 767
0 768
1 769 768 
0 770
0 771
0 772
0 773
0 774
0 775
0 776
0 777
0 778
0 779
0 780
0 781
0 782
0 783
0 784
0 785
0 786
1 787 786 
0 788
0 789
0 790
0 791
0 792
0 793
0 794
0 795
0 796
0 797
0 798
0 799
0 800
0 801
0 802
0 803
0 804
2 805 803 802 
1 806 804 
3 807 806 804 803 
0 808
0 809
0 810
0 811
0 812
0 813
1 814 810 
0 815
0 816
1 817 816 
0 818
0 819
0 820
0 821
0 822
0 823
0 824
0 825
0 826
0 827
0 828
0 829
0 830
0 831
0 832
1 833 832 
0 834
1 835 834 
0 836
1 837 831 
2 838 837 836 
3 839 833 832 831 
4 840 835 834 833 832 
4 841 838 836 835 834 
5 842 840 839 833 832 831 
3 843 838 837 836 
4 844 842 839 837 831 
5 845 844 842 839 837 831 
6 846 842 840 839 833 832 831 
0 847
1 848 847 
0 849
1 850 849 
0 851
1 852 851 
0 853
1 854 853 
0 855
0 856
0 857
1 858 857 
2 859 858 857 
0 860
0 861
0 862
0 863
0 864
0 865
1 866 862 
2 867 863 862 
2 868 864 863 
0 869
0 870
1 871 870 
0 872
0 873
2 874 873 872 
1 875 873 
2 876 875 873 
0 877
2 878 871 870 
3 879 878 871 870 
4 880 874 872 871 870 
0 881
0 882
0 883
0 884
0 885
1 886 885 
0 887
0 888
0 889
0 890
0 891
0 892
1 893 889 
2 894 893 889 
2 895 890 889 
0 896
0 897
0 898
0 899
1 900 899 
0 901
0 902
1 903 902 
0 904
0 905
1 906 905 
0 907
1 908 907 
0 909
2 910 909 908 
0 911
0 912
0 913
1 914 913 
0 915
0 916
0 917
1 918 917 
0 919
0 920
0 921
0 922
0 923
0 924
0 925
0 926
0 927
0 928
0 929
0 930
0 931
0 932
0 933
0 934
0 935
1 936 932 
2 937 936 935 
3 938 937 935 934 
3 939 937 936 935 
4 940 939 937 936 935 
0 941
0 942
0 943
0 944
0 945
0 946
0 947
0 948
0 949
1 950 949 
0 951
0 952
0 953
1 954 953 
0 955
0 956
0 957
0 958
0 959
0 960
1 961 960 
1 962 960 
0 963
1 964 963 
0 965
0 966
0 967
0 968
1 969 968 
0 970
0 971
1 972 971 
0 973
0 974
0 975
0 976
0 977
0 978
1 979 978 
0 980
0 981
2 982 981 980 
3 983 982 981 980 
4 984 983 982 981 980 
1 985 981 
1 986 977 
3 987 986 985 981 
2 988 986 977 
3 989 979 978 977 
4 990 989 979 978 977 
0 991
0 992
0 993
0 994
0 995
0 996
0 997
0 998
0 999
0 1000
0 1001
0 1002
0 1003
0 1004
0 1005
0 1006
0 1007
0 1008
0 1009
0 1010
0 1011
0 1012
0 1013
0 1014
0 1015
0 1016
0 1017
0 1018
0 1019
0 1020
0 1021
0 1022
0 1023
1 1024 1023 
0 1025
0 1026
0 1027
0 1028
0 1029
0 1030
0 1031
1 1032 1030 
1 1033 1030 
0 1034
0 1035
0 1036
1 1037 1036 
0 1038
0 1039
0 1040
0 1041
0 1042
0 1043
0 1044
0 1045
0 1046
0 1047
2 1048 1047 1046 
0 1049
0 1050
0 1051
0 1052
0 1053
0 1054
0 1055
0 1056
0 1057
0 1058
0 1059
0 1060
0 1061
2 1062 1061 1060 
0 1063
0 1064
0 1065
0 1066
0 1067
0 1068
1 1069 1068 
0 1070
0 1071
0 1072
0 1073
0 1074
0 1075
1 1076 1075 
0 1077
0 1078
0 1079
0 1080
0 1081
0 1082
0 1083
0 1084
0 1085
0 1086
0 1087
0 1088
0 1089
0 1090
0 1091
0 1092
0 1093
0 1094
0 1095
1 1096 1094 
0 1097
0 1098
0 1099
1 1100 1099 
0 1101
0 1102
0 1103
0 1104
0 1105
0 1106
0 1107
1 1108 1107 
0 1109
1 1110 1109 
4 1111 1110 1109 1108 1107 
2 1112 1110 1109 
3 1113 1112 1110 1109 
0 1114
0 1115
0 1116
0 1117
0 1118
0 1119
0 1120
1 1121 1120 
0 1122
0 1123
0 1124
1 1125 1124 
0 1126
0 1127
0 1128
0 1129
0 1130
0 1131
0 1132
0 1133
0 1134
0 1135
0 1136
0 1137
0 1138
0 1139
0 1140
0 1141
0 1142
0 1143
0 1144
1 1145 1144 
0 1146
1 1147 1146 
3 1148 1145 1144 1143 
4 1149 1147 1146 1145 1144 
0 1150
0 1151
0 1152
0 1153
0 1154
0 1155
2 1156 1155 1154 
1 1157 1155 
2 1158 1157 1155 
3 1159 1158 1157 1155 
4 1160 1159 1158 1157 1155 
0 1161
0 1162
0 1163
0 1164
0 1165
0 1166
0 1167
1 1168 1167 
0 1169
0 1170
0 1171
0 1172
0 1173
0 1174
0 1175
0 1176
0 1177
0 1178
0 1179
0 1180
0 1181
0 1182
0 1183
0 1184
0 1185
0 1186
1 1187 1186 
0 1188
1 1189 1188 
0 1190
0 1191
0 1192
0 1193
0 1194
0 1195
1 1196 1195 
2 1197 1196 1195 
0 1198
1 1199 1198 
0 1200
0 1201
1 1202 1201 
0 1203
3 1204 1203 1202 1201 
1 1205 1203 
0 1206
0 1207
0 1208
0 1209
0 1210
1 1211 1210 
0 1212
0 1213
0 1214
0 1215
0 1216
0 1217
0 1218
0 1219
0 1220
0 1221
0 1222
0 1223
1 1224 1221 
1 1225 1222 
2 1226 1225 1222 
2 1227 1223 1222 
4 1228 1227 1226 1225 1222 
0 1229
0 1230
0 1231
0 1232
0 1233
0 1234
0 1235
0 1236
1 1237 1233 
2 1238 1237 1233 
0 1239
0 1240
0 1241
0 1242
1 1243 1239 
2 1244 1240 1239 
2 1245 1241 1240 
4 1246 1245 1244 1240 1239 
3 1247 1245 1241 1240 
2 1248 1242 1241 
2 1249 1243 1242 
3 1250 1249 1243 1242 
5 1251 1250 1249 1248 1242 1241 
0 1252
0 1253
0 1254
0 1255
1 1256 1252 
2 1257 1256 1252 
0 1258
0 1259
0 1260
0 1261
0 1262
0 1263
0 1264
1 1265 1264 
0 1266
0 1267
0 1268
0 1269
0 1270
1 1271 1270 
0 1272
0 1273
0 1274
1 1275 1274 
2 1276 1275 1274 
4 1277 1276 1275 1274 1273 
0 1278
3 1279 1277 1273 1272 
5 1280 1277 1276 1275 1274 1273 
4 1281 1278 1276 1275 1274 
2 1282 1279 1272 
3 1283 1282 1279 1272 
0 1284
0 1285
0 1286
0 1287
0 1288
0 1289
1 1290 1289 
2 1291 1290 1289 
1 1292 1289 
2 1293 1292 1289 
0 1294
1 1295 1288 
0 1296
0 1297
0 1298
0 1299
1 1300 1296 
2 1301 1297 1296 
3 1302 1301 1297 1296 
0 1303
0 1304
0 1305
0 1306
0 1307
0 1308
0 1309
1 1310 1306 
2 1311 1307 1306 
2 1312 1308 1307 
2 1313 1310 1309 
3 1314 1311 1310 1306 
3 1315 1312 1308 1307 
3 1316 1313 1309 1308 
4 1317 1314 1313 1310 1309 
5 1318 1317 1316 1313 1309 1308 
5 1319 1317 1314 1313 1310 1309 
0 1320
0 1321
0 1322
0 1323
0 1324
2 1325 1324 1323 
1 1326 1324 
0 1327
1 1328 1327 
2 1329 1328 1327 
1 1330 1322 
3 1331 1325 1323 1322 
3 1332 1331 1330 1322 
4 1333 1326 1325 1324 1323 
5 1334 1329 1328 1327 1326 1324 
0 1335
0 1336
0 1337
0 1338
0 1339
0 1340
0 1341
0 1342
0 1343
0 1344
0 1345
1 1346 1345 
0 1347
1 1348 1347 
0 1349
0 1350
0 1351
0 1352
0 1353
2 1354 1352 1351 
2 1355 1353 1352 
1 1356 1353 
2 1357 1356 1353 
3 1358 1357 1356 1353 
1 1359 1350 
4 1360 1355 1354 1352 1351 
6 1361 1358 1357 1356 1355 1353 1352 
4 1362 1360 1354 1351 1350 
6 1363 1361 1360 1355 1354 1352 1351 
7 1364 1361 1358 1357 1356 1355 1353 1352 
5 1365 1359 1358 1357 1356 1353 
3 1366 1362 1359 1350 
6 1367 1363 1362 1360 1354 1351 1350 
8 1368 1364 1363 1361 1360 1355 1354 1352 1351 
9 1369 1365 1364 1361 1358 1357 1356 1355 1353 1352 
10 1370 1369 1368 1364 1363 1361 1360 1355 1354 1352 1351 
10 1371 1369 1365 1364 1361 1358 1357 1356 1355 1353 1352 
0 1372
0 1373
0 1374
0 1375
0 1376
0 1377
0 1378
0 1379
0 1380
0 1381
2 1382 1380 1379 
1 1383 1381 
3 1384 1382 1380 1379 
3 1385 1383 1381 1380 
1 1386 1378 
4 1387 1384 1382 1379 1378 
4 1388 1385 1383 1381 1380 
0 1389
0 1390
1 1391 1390 
0 1392
0 1393
2 1394 1393 1392 
0 1395
0 1396
0 1397
1 1398 1397 
0 1399
1 1400 1399 
1 1401 1399 
0 1402
1 1403 1402 
0 1404
1 1405 1404 
0 1406
0 1407
0 1408
0 1409
0 1410
0 1411
0 1412
0 1413
0 1414
1 1415 1414 
0 1416
0 1417
0 1418
1 1419 1418 
0 1420
0 1421
0 1422
2 1423 1421 1420 
1 1424 1419 
2 1425 1422 1421 
3 1426 1425 1422 1421 
3 1427 1423 1420 1419 
0 1428
0 1429
0 1430
0 1431
0 1432
0 1433
1 1434 1433 
0 1435
0 1436
0 1437
1 1438 1437 
2 1439 1438 1437 
0 1440
1 1441 1440 
2 1442 1441 1440 
1 1443 1435 
2 1444 1436 1435 
4 1445 1439 1438 1437 1436 
3 1446 1444 1443 1435 
4 1447 1445 1444 1436 1435 
5 1448 1445 1439 1438 1437 1436 
5 1449 1447 1446 1444 1443 1435 
6 1450 1448 1447 1445 1444 1436 1435 
6 1451 1448 1445 1439 1438 1437 1436 
6 1452 1442 1441 1440 1439 1438 1437 
8 1453 1452 1451 1448 1445 1439 1438 1437 1436 
7 1454 1452 1442 1441 1440 1439 1438 1437 
10 1455 1454 1453 1452 1451 1448 1445 1439 1438 1437 1436 
6 1456 1449 1446 1443 1442 1441 1440 
9 1457 1456 1454 1452 1442 1441 1440 1439 1438 1437 
7 1458 1450 1449 1447 1446 1444 1443 1435 
8 1459 1458 1456 1449 1446 1443 1442 1441 1440 
9 1460 1459 1458 1456 1449 1446 1443 1442 1441 1440 
8 1461 1458 1450 1449 1447 1446 1444 1443 1435 
10 1462 1455 1453 1451 1450 1448 1447 1445 1444 1436 1435 
12 1463 1457 1455 1454 1453 1452 1451 1448 1445 1439 1438 1437 1436 
10 1464 1462 1461 1458 1450 1449 1447 1446 1444 1443 1435 
0 1465
0 1466
0 1467
1 1468 1465 
2 1469 1466 1465 
3 1470 1469 1466 1465 
1 1471 1468 
0 1472
0 1473
0 1474
2 1475 1474 1473 
1 1476 1474 
2 1477 1476 1474 
3 1478 1477 1476 1474 
2 1479 1478 1477 
2 1480 1478 1477 
1 1481 1480 
0 1482
0 1483
1 1484 1479 
3 1485 1481 1480 1479 
2 1486 1484 1483 
4 1487 1485 1481 1480 1479 
3 1488 1482 1481 1480 
4 1489 1488 1482 1481 1480 
3 1490 1486 1483 1482 
4 1491 1490 1486 1483 1482 
4 1492 1487 1485 1484 1479 
5 1493 1491 1490 1486 1483 1482 
4 1494 1492 1486 1484 1483 
5 1495 1494 1492 1486 1484 1483 
6 1496 1495 1494 1492 1486 1484 1483 
7 1497 1496 1495 1494 1492 1486 1484 1483 
5 1498 1492 1487 1485 1484 1479 
7 1499 1489 1488 1487 1485 1481 1480 1479 
8 1500 1493 1491 1490 1489 1488 1482 1481 1480 
7 1501 1499 1498 1492 1487 1485 1484 1479 
9 1502 1500 1493 1491 1490 1489 1488 1482 1481 1480 
10 1503 1502 1500 1493 1491 1490 1489 1488 1482 1481 1480 
10 1504 1497 1496 1495 1494 1493 1491 1490 1486 1483 1482 
10 1505 1501 1498 1497 1496 1495 1494 1492 1486 1484 1483 
8 1506 1501 1499 1498 1492 1487 1485 1484 1479 
12 1507 1506 1505 1501 1498 1497 1496 1495 1494 1492 1486 1484 1483 
0 1508
0 1509
0 1510
0 1511
0 1512
1 1513 1512 
2 1514 1513 1512 
0 1515
0 1516
0 1517
0 1518
0 1519
0 1520
0 1521
0 1522
0 1523
1 1524 1523 
0 1525
1 1526 1522 
2 1527 1526 1525 
0 1528
0 1529
0 1530
0 1531
0 1532
0 1533
0 1534
0 1535
0 1536
0 1537
0 1538
0 1539
1 1540 1538 
0 1541
0 1542
0 1543
0 1544
0 1545
0 1546
1 1547 1546 
1 1548 1543 
3 1549 1548 1547 1546 
2 1550 1544 1543 
2 1551 1545 1544 
3 1552 1551 1545 1544 
0 1553
0 1554
0 1555
0 1556
0 1557
1 1558 1557 
0 1559
0 1560
0 1561
1 1562 1561 
0 1563
0 1564
0 1565
0 1566
0 1567
1 1568 1567 
1 1569 1564 
0 1570
0 1571
0 1572
0 1573
0 1574
0 1575
0 1576
1 1577 1573 
2 1578 1576 1575 
2 1579 1577 1573 
3 1580 1578 1575 1574 
3 1581 1578 1576 1575 
3 1582 1579 1577 1576 
4 1583 1582 1579 1577 1576 
5 1584 1583 1582 1579 1577 1576 
0 1585
0 1586
0 1587
0 1588
0 1589
0 1590
0 1591
1 1592 1591 
1 1593 1589 
1 1594 1593 
2 1595 1594 1593 
2 1596 1590 1589 
3 1597 1596 1593 1589 
4 1598 1597 1596 1593 1589 
3 1599 1596 1590 1589 
0 1600
0 1601
0 1602
0 1603
0 1604
0 1605
1 1606 1605 
0 1607
0 1608
0 1609
0 1610
0 1611
0 1612
0 1613
0 1614
0 1615
0 1616
0 1617
0 1618
0 1619
0 1620
0 1621
0 1622
1 1623 1619 
2 1624 1620 1619 
2 1625 1621 1620 
3 1626 1624 1623 1619 
4 1627 1625 1624 1620 1619 
3 1628 1626 1623 1622 
3 1629 1625 1621 1620 
5 1630 1627 1626 1624 1623 1619 
6 1631 1630 1627 1626 1624 1623 1619 
6 1632 1629 1627 1625 1624 1620 1619 
7 1633 1632 1629 1627 1625 1624 1620 1619 
4 1634 1629 1625 1621 1620 
0 1635
0 1636
0 1637
0 1638
0 1639
0 1640
0 1641
0 1642
0 1643
2 1644 1643 1642 
1 1645 1643 
0 1646
0 1647
1 1648 1647 
0 1649
0 1650
0 1651
0 1652
0 1653
0 1654
0 1655
0 1656
0 1657
0 1658
0 1659
0 1660
0 1661
0 1662
0 1663
0 1664
0 1665
0 1666
0 1667
0 1668
0 1669
0 1670
0 1671
0 1672
0 1673
0 1674
0 1675
0 1676
0 1677
0 1678
0 1679
1 1680 1676 
2 1681 1680 1676 
2 1682 1678 1677 
0 1683
0 1684
0 1685
0 1686
0 1687
0 1688
1 1689 1688 
0 1690
0 1691
0 1692
0 1693
0 1694
0 1695
0 1696
0 1697
1 1698 1697 
0 1699
0 1700
0 1701
1 1702 1701 
0 1703
0 1704
0 1705
0 1706
2 1707 1706 1705 
0 1708
0 1709
0 1710
0 1711
1 1712 1711 
0 1713
0 1714
1 1715 1714 
0 1716
0 1717
0 1718
0 1719
0 1720
0 1721
0 1722
0 1723
1 1724 1723 
0 1725
0 1726
0 1727
0 1728
0 1729
0 1730
2 1731 1730 1729 
0 1732
0 1733
0 1734
0 1735
0 1736
2 1737 1736 1735 
0 1738
2 1739 1738 1736 
3 1740 1739 1738 1736 
1 1741 1738 
5 1742 1741 1740 1739 1738 1736 
0 1743
0 1744
0 1745
0 1746
1 1747 1743 
2 1748 1747 1746 
3 1749 1748 1746 1745 
2 1750 1744 1743 
0 1751
0 1752
0 1753
0 1754
0 1755
1 1756 1755 
0 1757
0 1758
1 1759 1754 
2 1760 1759 1754 
3 1761 1760 1759 1754 
3 1762 1756 1755 1754 
3 1763 1757 1756 1755 
4 1764 1763 1757 1756 1755 
2 1765 1758 1757 
0 1766
0 1767
0 1768
0 1769
0 1770
0 1771
0 1772
0 1773
0 1774
0 1775
2 1776 1775 1774 
0 1777
0 1778
1 1779 1778 
0 1780
0 1781
0 1782
2 1783 1781 1780 
0 1784
0 1785
0 1786
0 1787
0 1788
0 1789
0 1790
2 1791 1790 1789 
1 1792 1790 
1 1793 1787 
3 1794 1791 1789 1788 
3 1795 1794 1788 1787 
3 1796 1795 1793 1787 
4 1797 1795 1794 1788 1787 
4 1798 1794 1791 1789 1788 
5 1799 1798 1794 1791 1789 1788 
4 1800 1792 1791 1790 1789 
7 1801 1800 1799 1798 1794 1791 1789 1788 
4 1802 1796 1793 1792 1790 
6 1803 1802 1800 1792 1791 1790 1789 
5 1804 1797 1796 1795 1793 1787 
9 1805 1803 1801 1800 1799 1798 1794 1791 1789 1788 
7 1806 1803 1802 1800 1792 1791 1790 1789 
6 1807 1804 1802 1796 1793 1792 1790 
6 1808 1804 1797 1796 1795 1793 1787 
9 1809 1805 1801 1799 1798 1797 1795 1794 1788 1787 
11 1810 1806 1805 1803 1801 1800 1799 1798 1794 1791 1789 1788 
9 1811 1807 1806 1803 1802 1800 1792 1791 1790 1789 
3 1812 1811 1807 1806 
0 1813
0 1814
1 1815 1814 
0 1816
1 1817 1816 
0 1818
0 1819
0 1820
1 1821 1818 
0 1822
0 1823
1 1824 1823 
0 1825
1 1826 1825 
0 1827
0 1828
0 1829
0 1830
1 1831 1830 
0 1832
3 1833 1832 1831 1830 
0 1834
0 1835
0 1836
0 1837
1 1838 1837 
1 1839 1834 
2 1840 1835 1834 
2 1841 1836 1835 
3 1842 1838 1837 1836 
0 1843
0 1844
1 1845 1844 
0 1846
3 1847 1846 1845 1844 
1 1848 1846 
0 1849
0 1850
0 1851
0 1852
0 1853
0 1854
0 1855
0 1856
0 1857
0 1858
0 1859
0 1860
0 1861
1 1862 1861 
0 1863
3 1864 1863 1862 1861 
1 1865 1863 
0 1866
1 1867 1866 
0 1868
0 1869
0 1870
0 1871
0 1872
0 1873
0 1874
0 1875
0 1876
0 1877
0 1878
0 1879
1 1880 1879 
0 1881
0 1882
0 1883
0 1884
0 1885
1 1886 1885 
1 1887 1882 
2 1888 1887 1882 
0 1889
0 1890
0 1891
0 1892
2 1893 1892 1891 
1 1894 1892 
0 1895
0 1896
1 1897 1896 
0 1898
1 1899 1898 
2 1900 1899 1898 
0 1901
0 1902
0 1903
0 1904
0 1905
0 1906
0 1907
0 1908
0 1909
0 1910
0 1911
0 1912
0 1913
0 1914
0 1915
0 1916
0 1917
1 1918 1917 
1 1919 1915 
1 1920 1919 
2 1921 1920 1919 
3 1922 1921 1920 1919 
2 1923 1919 1915 
3 1924 1923 1919 1915 
4 1925 1924 1923 1919 1915 
5 1926 1925 1924 1923 1919 1915 
2 1927 1916 1915 
0 1928
0 1929
0 1930
0 1931
0 1932
0 1933
0 1934
0 1935
0 1936
0 1937
0 1938
0 1939
0 1940
0 1941
0 1942
0 1943
0 1944
0 1945
0 1946
2 1947 1946 1945 
1 1948 1946 
0 1949
0 1950
0 1951
0 1952
0 1953
0 1954
0 1955
0 1956
0 1957
0 1958
0 1959
1 1960 1959 
0 1961
1 1962 1961 
3 1963 1960 1959 1958 
1 1964 1957 
3 1965 1963 1958 1957 
0 1966
0 1967
0 1968
0 1969
1 1970 1969 
0 1971
0 1972
0 1973
0 1974
0 1975
0 1976
0 1977
1 1978 1977 
0 1979
0 1980
0 1981
0 1982
0 1983
0 1984
0 1985
0 1986
0 1987
0 1988
0 1989
1 1990 1986 
0 1991
0 1992
0 1993
0 1994
2 1995 1994 1993 
1 1996 1994 
0 1997
1 1998 1992 
3 1999 1995 1993 1992 
0 2000
0 2001
0 2002
0 2003
0 2004
0 2005
0 2006
0 2007
0 2008
0 2009
0 2010
0 2011
0 2012
0 2013
0 2014
0 2015
0 2016
2 2017 2015 2014 
0 2018
0 2019
0 2020
1 2021 2020 
0 2022
3 2023 2022 2021 2020 
1 2024 2022 
0 2025
1 2026 2025 
1 2027 2019 
4 2028 2026 2025 2024 2022 
2 2029 2027 2019 
0 2030
0 2031
0 2032
0 2033
0 2034
1 2035 2031 
2 2036 2035 2031 
2 2037 2032 2031 
2 2038 2033 2032 
0 2039
0 2040
0 2041
0 2042
0 2043
1 2044 2040 
0 2045
0 2046
1 2047 2046 
0 2048
1 2049 2048 
0 2050
1 2051 2050 
1 2052 2045 
3 2053 2047 2046 2045 
4 2054 2051 2050 2049 2048 
4 2055 2053 2047 2046 2045 
5 2056 2054 2049 2048 2047 2046 
6 2057 2056 2054 2049 2048 2047 2046 
3 2058 2052 2051 2050 
6 2059 2058 2054 2051 2050 2049 2048 
8 2060 2059 2057 2056 2054 2049 2048 2047 2046 
0 2061
0 2062
0 2063
1 2064 2063 
0 2065
1 2066 2065 
3 2067 2064 2063 2062 
1 2068 2061 
4 2069 2066 2065 2064 2063 
3 2070 2067 2062 2061 
5 2071 2069 2067 2064 2063 2062 
5 2072 2069 2066 2065 2064 2063 
3 2073 2068 2066 2065 
7 2074 2072 2071 2069 2067 2064 2063 2062 
3 2075 2070 2068 2061 
5 2076 2075 2073 2068 2066 2065 
6 2077 2076 2075 2073 2068 2066 2065 
7 2078 2077 2076 2075 2073 2068 2066 2065 
4 2079 2075 2070 2068 2061 
8 2080 2074 2072 2071 2069 2067 2064 2063 2062 
10 2081 2078 2077 2076 2073 2072 2069 2066 2065 2064 2063 
9 2082 2079 2078 2077 2076 2075 2073 2068 2066 2065 
10 2083 2082 2079 2078 2077 2076 2075 2073 2068 2066 2065 
7 2084 2080 2074 2071 2070 2067 2062 2061 
8 2085 2084 2080 2074 2071 2070 2067 2062 2061 
7 2086 2085 2084 2079 2075 2070 2068 2061 
10 2087 2081 2080 2074 2072 2071 2069 2067 2064 2063 2062 
10 2088 2087 2085 2084 2080 2074 2071 2070 2067 2062 2061 
11 2089 2087 2081 2080 2074 2072 2071 2069 2067 2064 2063 2062 
12 2090 2089 2088 2087 2085 2084 2080 2074 2071 2070 2067 2062 2061 
12 2091 2089 2087 2081 2080 2074 2072 2071 2069 2067 2064 2063 2062 
13 2092 2083 2082 2081 2078 2077 2076 2073 2072 2069 2066 2065 2064 2063 
12 2093 2086 2083 2082 2079 2078 2077 2076 2075 2073 2068 2066 2065 
10 2094 2090 2088 2086 2085 2084 2079 2075 2070 2068 2061 
14 2095 2091 2090 2089 2088 2087 2085 2084 2080 2074 2071 2070 2067 2062 2061 
14 2096 2092 2091 2089 2087 2081 2080 2074 2072 2071 2069 2067 2064 2063 2062 
15 2097 2096 2092 2091 2089 2087 2081 2080 2074 2072 2071 2069 2067 2064 2063 2062 
15 2098 2097 2096 2095 2091 2090 2089 2088 2087 2085 2084 2080 2074 2071 2070 2067 
1 2099 2093 
2 2100 2094 2093 
0 2101
0 2102
1 2103 2102 
0 2104
0 2105
0 2106
0 2107
0 2108
2 2109 2108 2107 
1 2110 2108 
4 2111 2110 2109 2108 2107 
1 2112 2106 
4 2113 2111 2109 2107 2106 
2 2114 2113 2112 
0 2115
0 2116
0 2117
0 2118
1 2119 2118 
0 2120
0 2121
0 2122
0 2123
0 2124
1 2125 2124 
0 2126
0 2127
0 2128
2 2129 2128 2127 
0 2130
0 2131
0 2132
0 2133
0 2134
2 2135 2134 2133 
0 2136
0 2137
0 2138
0 2139
0 2140
0 2141
0 2142
0 2143
0 2144
0 2145
0 2146
1 2147 2144 
0 2148
0 2149
0 2150
1 2151 2150 
0 2152
1 2153 2148 
0 2154
0 2155
0 2156
0 2157
0 2158
0 2159
0 2160
0 2161
0 2162
0 2163
0 2164
0 2165
0 2166
0 2167
1 2168 2164 
2 2169 2165 2164 
0 2170
0 2171
2 2172 2171 2170 
1 2173 2171 
0 2174
0 2175
0 2176
0 2177
1 2178 2174 
2 2179 2175 2174 
0 2180
0 2181
0 2182
0 2183
0 2184
0 2185
1 2186 2185 
1 2187 2182 
2 2188 2187 2182 
2 2189 2183 2182 
4 2190 2188 2187 2186 2185 
4 2191 2189 2188 2187 2182 
3 2192 2189 2183 2182 
6 2193 2192 2191 2189 2188 2187 2182 
4 2194 2192 2189 2183 2182 
2 2195 2184 2183 
0 2196
0 2197
0 2198
0 2199
0 2200
1 2201 2200 
0 2202
0 2203
0 2204
0 2205
0 2206
0 2207
0 2208
0 2209
0 2210
0 2211
0 2212
0 2213
0 2214
0 2215
1 2216 2215 
2 2217 2216 2215 
0 2218
0 2219
0 2220
0 2221
0 2222
0 2223
0 2224
0 2225
0 2226
0 2227
0 2228
0 2229
0 2230
0 2231
0 2232
0 2233
0 2234
0 2235
0 2236
0 2237
0 2238
0 2239
0 2240
2 2241 2239 2238 
0 2242
0 2243
0 2244
0 2245
1 2246 2245 
0 2247
1 2248 2247 
2 2249 2248 2247 
0 2250
1 2251 2250 
0 2252
0 2253
0 2254
2 2255 2251 2250 
3 2256 2252 2251 2250 
4 2257 2256 2252 2251 2250 
2 2258 2253 2252 
3 2259 2258 2253 2252 
5 2260 2257 2256 2255 2251 2250 
0 2261
0 2262
0 2263
1 2264 2261 
1 2265 2261 
0 2266
0 2267
0 2268
0 2269
0 2270
0 2271
0 2272
0 2273
1 2274 2273 
0 2275
1 2276 2275 
0 2277
1 2278 2277 
0 2279
2 2280 2274 2273 
3 2281 2280 2274 2273 
3 2282 2281 2280 2279 
4 2283 2282 2281 2280 2279 
4 2284 2281 2280 2274 2273 
5 2285 2284 2281 2280 2274 2273 
7 2286 2285 2284 2283 2282 2281 2280 2279 
4 2287 2276 2275 2274 2273 
8 2288 2286 2285 2284 2283 2282 2281 2280 2279 
5 2289 2287 2276 2275 2274 2273 
9 2290 2288 2286 2285 2284 2283 2282 2281 2280 2279 
8 2291 2289 2287 2285 2284 2281 2280 2274 2273 
0 2292
0 2293
0 2294
0 2295
0 2296
0 2297
0 2298
0 2299
1 2300 2296 
0 2301
0 2302
0 2303
0 2304
0 2305
0 2306
0 2307
2 2308 2307 2306 
0 2309
3 2310 2308 2307 2306 
0 2311
0 2312
0 2313
0 2314
0 2315
0 2316
0 2317
0 2318
0 2319
0 2320
0 2321
0 2322
0 2323
1 2324 2323 
0 2325
1 2326 2321 
2 2327 2322 2321 
3 2328 2324 2323 2322 
0 2329
0 2330
0 2331
1 2332 2330 
2 2333 2331 2330 
3 2334 2333 2331 2330 
1 2335 2331 
0 2336
1 2337 2336 
1 2338 2332 
4 2339 2334 2333 2332 2330 
0 2340
0 2341
0 2342
0 2343
0 2344
0 2345
0 2346
0 2347
0 2348
0 2349
0 2350
0 2351
0 2352
0 2353
0 2354
0 2355
0 2356
0 2357
0 2358
0 2359
0 2360
0 2361
0 2362
0 2363
0 2364
0 2365
0 2366
0 2367
0 2368
0 2369
1 2370 2369 
0 2371
3 2372 2371 2370 2369 
1 2373 2371 
1 2374 2367 
3 2375 2374 2373 2371 
0 2376
0 2377
0 2378
1 2379 2378 
0 2380
1 2381 2380 
2 2382 2381 2380 
1 2383 2376 
2 2384 2383 2376 
2 2385 2377 2376 
3 2386 2385 2377 2376 
3 2387 2379 2378 2377 
5 2388 2387 2386 2385 2377 2376 
5 2389 2382 2381 2380 2379 2378 
5 2390 2384 2383 2382 2381 2380 
6 2391 2388 2386 2385 2384 2383 2376 
7 2392 2391 2388 2386 2385 2384 2383 2376 
6 2393 2388 2387 2386 2385 2377 2376 
8 2394 2392 2391 2390 2384 2383 2382 2381 2380 
9 2395 2393 2392 2391 2388 2386 2385 2384 2383 2376 
1 2396 2389 
0 2397
0 2398
0 2399
0 2400
0 2401
0 2402
1 2403 2402 
0 2404
0 2405
0 2406
0 2407
0 2408
0 2409
0 2410
1 2411 2409 
0 2412
0 2413
0 2414
0 2415
0 2416
0 2417
0 2418
1 2419 2418 
3 2420 2419 2418 2417 
4 2421 2420 2419 2418 2417 
0 2422
1 2423 2422 
4 2424 2423 2422 2419 2418 
5 2425 2424 2423 2422 2419 2418 
7 2426 2425 2424 2421 2420 2419 2418 2417 
2 2427 2423 2422 
1 2428 2416 
5 2429 2426 2421 2420 2417 2416 
8 2430 2426 2425 2424 2421 2420 2419 2418 2417 
9 2431 2430 2426 2425 2424 2421 2420 2419 2418 2417 
0 2432
0 2433
0 2434
1 2435 2434 
0 2436
3 2437 2436 2435 2434 
1 2438 2436 
0 2439
1 2440 2439 
2 2441 2440 2439 
3 2442 2441 2440 2439 
1 2443 2433 
4 2444 2437 2435 2434 2433 
5 2445 2438 2437 2436 2435 2434 
3 2446 2444 2443 2433 
6 2447 2445 2444 2437 2435 2434 2433 
6 2448 2445 2438 2437 2436 2435 2434 
8 2449 2448 2447 2445 2444 2437 2435 2434 2433 
7 2450 2448 2445 2438 2437 2436 2435 2434 
6 2451 2442 2441 2440 2439 2438 2436 
10 2452 2450 2449 2448 2447 2445 2444 2437 2435 2434 2433 
0 2453
0 2454
0 2455
0 2456
0 2457
1 2458 2456 
2 2459 2458 2456 
1 2460 2456 
2 2461 2460 2456 
1 2462 2455 
0 2463
0 2464
0 2465
0 2466
0 2467
0 2468
0 2469
0 2470
0 2471
1 2472 2468 
0 2473
1 2474 2472 
1 2475 2474 
0 2476
1 2477 2476 
2 2478 2477 2476 
0 2479
1 2480 2473 
0 2481
0 2482
1 2483 2482 
0 2484
0 2485
0 2486
0 2487
0 2488
0 2489
1 2490 2486 
2 2491 2490 2489 
2 2492 2487 2486 
2 2493 2488 2487 
3 2494 2491 2489 2488 
3 2495 2492 2490 2486 
4 2496 2493 2492 2487 2486 
0 2497
0 2498
0 2499
0 2500
1 2501 2500 
0 2502
0 2503
1 2504 2503 
0 2505
0 2506
0 2507
1 2508 2507 
0 2509
0 2510
0 2511
0 2512
0 2513
1 2514 2513 
0 2515
0 2516
0 2517
0 2518
0 2519
0 2520
0 2521
1 2522 2521 
0 2523
0 2524
1 2525 2520 
3 2526 2522 2521 2520 
2 2527 2525 2524 
3 2528 2527 2525 2524 
3 2529 2523 2522 2521 
4 2530 2528 2527 2525 2524 
5 2531 2530 2528 2527 2524 2523 
5 2532 2530 2528 2527 2525 2524 
3 2533 2526 2525 2520 
0 2534
0 2535
0 2536
0 2537
